fromNode	toNode	weight	cluster
0	50	1	1
0	1	1	1
50	100	1	1
50	51	1	1
100	50	1	1
100	150	1	1
100	101	1	1
150	100	1	1
150	200	1	1
150	151	1	1
200	150	1	1
200	250	1	1
200	201	1	1
250	200	1	1
250	300	1	1
250	251	1	1
300	250	1	1
300	350	1	1
300	301	1	1
350	300	1	1
350	400	1	1
350	351	1	1
400	350	1	1
400	450	1	1
400	401	1	1
450	400	1	1
450	500	1	1
450	451	1	1
500	450	1	1
500	550	1	1
500	501	1	1
550	500	1	1
550	551	1	1
750	800	1	1
750	751	1	1
800	750	1	1
800	850	1	1
800	801	1	1
850	800	1	1
850	900	1	1
850	851	1	1
900	850	1	1
900	950	1	1
900	901	1	1
950	900	1	1
950	1000	1	1
950	951	1	1
1000	950	1	1
1000	1050	1	1
1000	1001	1	1
1050	1000	1	1
1050	1100	1	1
1050	1051	1	1
1100	1050	1	1
1100	1150	1	1
1100	1101	1	1
1150	1100	1	1
1150	1200	1	1
1150	1151	1	1
1200	1150	1	1
1200	1250	1	1
1200	1201	1	1
1250	1200	1	1
1250	1300	1	1
1250	1251	1	1
1300	1250	1	1
1300	1350	1	1
1300	1301	1	1
1350	1300	1	1
1350	1400	1	1
1350	1351	1	1
1400	1350	1	1
1400	1450	1	1
1400	1401	1	1
1450	1400	1	1
1450	1451	1	1
1	51	1	1
1	2	1	1
1	0	1	1
51	1	1	1
51	101	1	1
51	52	1	1
51	50	1	1
101	51	1	1
101	151	1	1
101	102	1	1
101	100	1	1
151	101	1	1
151	201	1	1
151	152	1	1
151	150	1	1
201	151	1	1
201	251	1	1
201	202	1	1
201	200	1	1
251	201	1	1
251	301	1	1
251	252	1	1
251	250	1	1
301	251	1	1
301	351	1	1
301	302	1	1
301	300	1	1
351	301	1	1
351	401	1	1
351	352	1	1
351	350	1	1
401	351	1	1
401	451	1	1
401	402	1	1
401	400	1	1
451	401	1	1
451	501	1	1
451	452	1	1
451	450	1	1
501	451	1	1
501	551	1	1
501	502	1	1
501	500	1	1
551	501	1	1
551	552	1	1
551	550	1	1
751	801	1	1
751	752	1	1
751	750	1	1
801	751	1	1
801	851	1	1
801	802	1	1
801	800	1	1
851	801	1	1
851	901	1	1
851	852	1	1
851	850	1	1
901	851	1	1
901	951	1	1
901	902	1	1
901	900	1	1
951	901	1	1
951	1001	1	1
951	952	1	1
951	950	1	1
1001	951	1	1
1001	1051	1	1
1001	1002	1	1
1001	1000	1	1
1051	1001	1	1
1051	1101	1	1
1051	1052	1	1
1051	1050	1	1
1101	1051	1	1
1101	1151	1	1
1101	1102	1	1
1101	1100	1	1
1151	1101	1	1
1151	1201	1	1
1151	1152	1	1
1151	1150	1	1
1201	1151	1	1
1201	1251	1	1
1201	1202	1	1
1201	1200	1	1
1251	1201	1	1
1251	1301	1	1
1251	1252	1	1
1251	1250	1	1
1301	1251	1	1
1301	1351	1	1
1301	1302	1	1
1301	1300	1	1
1351	1301	1	1
1351	1401	1	1
1351	1352	1	1
1351	1350	1	1
1401	1351	1	1
1401	1451	1	1
1401	1402	1	1
1401	1400	1	1
1451	1401	1	1
1451	1452	1	1
1451	1450	1	1
2	52	1	1
2	3	1	1
2	1	1	1
52	2	1	1
52	102	1	1
52	53	1	1
52	51	1	1
102	52	1	1
102	152	1	1
102	103	1	1
102	101	1	1
152	102	1	1
152	202	1	1
152	153	1	1
152	151	1	1
202	152	1	1
202	252	1	1
202	203	1	1
202	201	1	1
252	202	1	1
252	302	1	1
252	253	1	1
252	251	1	1
302	252	1	1
302	352	1	1
302	303	1	1
302	301	1	1
352	302	1	1
352	402	1	1
352	353	1	1
352	351	1	1
402	352	1	1
402	452	1	1
402	403	1	1
402	401	1	1
452	402	1	1
452	502	1	1
452	453	1	1
452	451	1	1
502	452	1	1
502	552	1	1
502	503	1	1
502	501	1	1
552	502	1	1
552	553	1	1
552	551	1	1
752	802	1	1
752	753	1	1
752	751	1	1
802	752	1	1
802	852	1	1
802	803	1	1
802	801	1	1
852	802	1	1
852	902	1	1
852	853	1	1
852	851	1	1
902	852	1	1
902	952	1	1
902	903	1	1
902	901	1	1
952	902	1	1
952	1002	1	1
952	953	1	1
952	951	1	1
1002	952	1	1
1002	1052	1	1
1002	1003	1	1
1002	1001	1	1
1052	1002	1	1
1052	1102	1	1
1052	1053	1	1
1052	1051	1	1
1102	1052	1	1
1102	1152	1	1
1102	1103	1	1
1102	1101	1	1
1152	1102	1	1
1152	1202	1	1
1152	1153	1	1
1152	1151	1	1
1202	1152	1	1
1202	1252	1	1
1202	1203	1	1
1202	1201	1	1
1252	1202	1	1
1252	1302	1	1
1252	1253	1	1
1252	1251	1	1
1302	1252	1	1
1302	1352	1	1
1302	1303	1	1
1302	1301	1	1
1352	1302	1	1
1352	1402	1	1
1352	1353	1	1
1352	1351	1	1
1402	1352	1	1
1402	1452	1	1
1402	1403	1	1
1402	1401	1	1
1452	1402	1	1
1452	1453	1	1
1452	1451	1	1
3	53	1	1
3	4	1	1
3	2	1	1
53	3	1	1
53	103	1	1
53	52	1	1
103	53	1	1
103	153	1	1
103	102	1	1
153	103	1	1
153	203	1	1
153	152	1	1
203	153	1	1
203	253	1	1
203	204	1	1
203	202	1	1
253	203	1	1
253	303	1	1
253	254	1	1
253	252	1	1
303	253	1	1
303	353	1	1
303	304	1	1
303	302	1	1
353	303	1	1
353	403	1	1
353	354	1	1
353	352	1	1
403	353	1	1
403	453	1	1
403	404	1	1
403	402	1	1
453	403	1	1
453	503	1	1
453	454	1	1
453	452	1	1
503	453	1	1
503	553	1	1
503	504	1	1
503	502	1	1
553	503	1	1
553	554	1	1
553	552	1	1
753	803	1	1
753	754	1	1
753	752	1	1
803	753	1	1
803	853	1	1
803	804	1	1
803	802	1	1
853	803	1	1
853	903	1	1
853	854	1	1
853	852	1	1
903	853	1	1
903	953	1	1
903	904	1	1
903	902	1	1
953	903	1	1
953	1003	1	1
953	954	1	1
953	952	1	1
1003	953	1	1
1003	1053	1	1
1003	1004	1	1
1003	1002	1	1
1053	1003	1	1
1053	1103	1	1
1053	1054	1	1
1053	1052	1	1
1103	1053	1	1
1103	1153	1	1
1103	1104	1	1
1103	1102	1	1
1153	1103	1	1
1153	1203	1	1
1153	1154	1	1
1153	1152	1	1
1203	1153	1	1
1203	1253	1	1
1203	1204	1	1
1203	1202	1	1
1253	1203	1	1
1253	1303	1	1
1253	1254	1	1
1253	1252	1	1
1303	1253	1	1
1303	1353	1	1
1303	1304	1	1
1303	1302	1	1
1353	1303	1	1
1353	1403	1	1
1353	1354	1	1
1353	1352	1	1
1403	1353	1	1
1403	1453	1	1
1403	1404	1	1
1403	1402	1	1
1453	1403	1	1
1453	1454	1	1
1453	1452	1	1
4	5	1	1
4	3	1	1
204	254	1	1
204	205	1	1
204	203	1	1
254	204	1	1
254	304	1	1
254	255	1	1
254	253	1	1
304	254	1	1
304	354	1	1
304	305	1	1
304	303	1	1
354	304	1	1
354	404	1	1
354	355	1	1
354	353	1	1
404	354	1	1
404	454	1	1
404	405	1	1
404	403	1	1
454	404	1	1
454	504	1	1
454	455	1	1
454	453	1	1
504	454	1	1
504	554	1	1
504	505	1	1
504	503	1	1
554	504	1	1
554	555	1	1
554	553	1	1
754	804	1	1
754	755	1	1
754	753	1	1
804	754	1	1
804	854	1	1
804	805	1	1
804	803	1	1
854	804	1	1
854	904	1	1
854	855	1	1
854	853	1	1
904	854	1	1
904	954	1	1
904	905	1	1
904	903	1	1
954	904	1	1
954	1004	1	1
954	955	1	1
954	953	1	1
1004	954	1	1
1004	1054	1	1
1004	1005	1	1
1004	1003	1	1
1054	1004	1	1
1054	1104	1	1
1054	1055	1	1
1054	1053	1	1
1104	1054	1	1
1104	1154	1	1
1104	1105	1	1
1104	1103	1	1
1154	1104	1	1
1154	1204	1	1
1154	1155	1	1
1154	1153	1	1
1204	1154	1	1
1204	1254	1	1
1204	1205	1	1
1204	1203	1	1
1254	1204	1	1
1254	1304	1	1
1254	1255	1	1
1254	1253	1	1
1304	1254	1	1
1304	1354	1	1
1304	1305	1	1
1304	1303	1	1
1354	1304	1	1
1354	1404	1	1
1354	1355	1	1
1354	1353	1	1
1404	1354	1	1
1404	1454	1	1
1404	1405	1	1
1404	1403	1	1
1454	1404	1	1
1454	1455	1	1
1454	1453	1	1
5	6	1	1
5	4	1	1
205	255	1	1
205	206	1	1
205	204	1	1
255	205	1	1
255	305	1	1
255	256	1	1
255	254	1	1
305	255	1	1
305	355	1	1
305	306	1	1
305	304	1	1
355	305	1	1
355	405	1	1
355	356	1	1
355	354	1	1
405	355	1	1
405	455	1	1
405	406	1	1
405	404	1	1
455	405	1	1
455	505	1	1
455	456	1	1
455	454	1	1
505	455	1	1
505	555	1	1
505	506	1	1
505	504	1	1
555	505	1	1
555	556	1	1
555	554	1	1
755	805	1	1
755	756	1	1
755	754	1	1
805	755	1	1
805	855	1	1
805	806	1	1
805	804	1	1
855	805	1	1
855	905	1	1
855	856	1	1
855	854	1	1
905	855	1	1
905	955	1	1
905	906	1	1
905	904	1	1
955	905	1	1
955	1005	1	1
955	956	1	1
955	954	1	1
1005	955	1	1
1005	1055	1	1
1005	1006	1	1
1005	1004	1	1
1055	1005	1	1
1055	1105	1	1
1055	1056	1	1
1055	1054	1	1
1105	1055	1	1
1105	1155	1	1
1105	1106	1	1
1105	1104	1	1
1155	1105	1	1
1155	1205	1	1
1155	1156	1	1
1155	1154	1	1
1205	1155	1	1
1205	1255	1	1
1205	1206	1	1
1205	1204	1	1
1255	1205	1	1
1255	1305	1	1
1255	1256	1	1
1255	1254	1	1
1305	1255	1	1
1305	1355	1	1
1305	1306	1	1
1305	1304	1	1
1355	1305	1	1
1355	1405	1	1
1355	1356	1	1
1355	1354	1	1
1405	1355	1	1
1405	1455	1	1
1405	1406	1	1
1405	1404	1	1
1455	1405	1	1
1455	1456	1	1
1455	1454	1	1
6	7	1	1
6	5	1	1
206	256	1	1
206	207	1	1
206	205	1	1
256	206	1	1
256	306	1	1
256	257	1	1
256	255	1	1
306	256	1	1
306	356	1	1
306	307	1	1
306	305	1	1
356	306	1	1
356	406	1	1
356	357	1	1
356	355	1	1
406	356	1	1
406	456	1	1
406	407	1	1
406	405	1	1
456	406	1	1
456	506	1	1
456	457	1	1
456	455	1	1
506	456	1	1
506	556	1	1
506	507	1	1
506	505	1	1
556	506	1	1
556	557	1	1
556	555	1	1
756	806	1	1
756	757	1	1
756	755	1	1
806	756	1	1
806	856	1	1
806	807	1	1
806	805	1	1
856	806	1	1
856	906	1	1
856	857	1	1
856	855	1	1
906	856	1	1
906	956	1	1
906	907	1	1
906	905	1	1
956	906	1	1
956	1006	1	1
956	957	1	1
956	955	1	1
1006	956	1	1
1006	1056	1	1
1006	1007	1	1
1006	1005	1	1
1056	1006	1	1
1056	1106	1	1
1056	1057	1	1
1056	1055	1	1
1106	1056	1	1
1106	1156	1	1
1106	1107	1	1
1106	1105	1	1
1156	1106	1	1
1156	1206	1	1
1156	1157	1	1
1156	1155	1	1
1206	1156	1	1
1206	1256	1	1
1206	1207	1	1
1206	1205	1	1
1256	1206	1	1
1256	1306	1	1
1256	1257	1	1
1256	1255	1	1
1306	1256	1	1
1306	1356	1	1
1306	1307	1	1
1306	1305	1	1
1356	1306	1	1
1356	1406	1	1
1356	1357	1	1
1356	1355	1	1
1406	1356	1	1
1406	1456	1	1
1406	1407	1	1
1406	1405	1	1
1456	1406	1	1
1456	1457	1	1
1456	1455	1	1
7	57	1	1
7	8	1	1
7	6	1	1
57	7	1	1
57	107	1	1
57	58	1	1
107	57	1	1
107	157	1	1
107	108	1	1
157	107	1	1
157	207	1	1
157	158	1	1
207	157	1	1
207	257	1	1
207	208	1	1
207	206	1	1
257	207	1	1
257	307	1	1
257	258	1	1
257	256	1	1
307	257	1	1
307	357	1	1
307	308	1	1
307	306	1	1
357	307	1	1
357	407	1	1
357	358	1	1
357	356	1	1
407	357	1	1
407	457	1	1
407	408	1	1
407	406	1	1
457	407	1	1
457	507	1	1
457	458	1	1
457	456	1	1
507	457	1	1
507	557	1	1
507	508	1	1
507	506	1	1
557	507	1	1
557	558	1	1
557	556	1	1
757	807	1	1
757	758	1	1
757	756	1	1
807	757	1	1
807	857	1	1
807	808	1	1
807	806	1	1
857	807	1	1
857	907	1	1
857	858	1	1
857	856	1	1
907	857	1	1
907	957	1	1
907	908	1	1
907	906	1	1
957	907	1	1
957	1007	1	1
957	958	1	1
957	956	1	1
1007	957	1	1
1007	1057	1	1
1007	1008	1	1
1007	1006	1	1
1057	1007	1	1
1057	1107	1	1
1057	1058	1	1
1057	1056	1	1
1107	1057	1	1
1107	1157	1	1
1107	1108	1	1
1107	1106	1	1
1157	1107	1	1
1157	1207	1	1
1157	1158	1	1
1157	1156	1	1
1207	1157	1	1
1207	1257	1	1
1207	1208	1	1
1207	1206	1	1
1257	1207	1	1
1257	1307	1	1
1257	1258	1	1
1257	1256	1	1
1307	1257	1	1
1307	1357	1	1
1307	1308	1	1
1307	1306	1	1
1357	1307	1	1
1357	1407	1	1
1357	1358	1	1
1357	1356	1	1
1407	1357	1	1
1407	1457	1	1
1407	1408	1	1
1407	1406	1	1
1457	1407	1	1
1457	1458	1	1
1457	1456	1	1
8	58	1	1
8	9	1	1
8	7	1	1
58	8	1	1
58	108	1	1
58	59	1	1
58	57	1	1
108	58	1	1
108	158	1	1
108	109	1	1
108	107	1	1
158	108	1	1
158	208	1	1
158	159	1	1
158	157	1	1
208	158	1	1
208	258	1	1
208	209	1	1
208	207	1	1
258	208	1	1
258	308	1	1
258	259	1	1
258	257	1	1
308	258	1	1
308	358	1	1
308	309	1	1
308	307	1	1
358	308	1	1
358	408	1	1
358	359	1	1
358	357	1	1
408	358	1	1
408	458	1	1
408	409	1	1
408	407	1	1
458	408	1	1
458	508	1	1
458	459	1	1
458	457	1	1
508	458	1	1
508	558	1	1
508	509	1	1
508	507	1	1
558	508	1	1
558	559	1	1
558	557	1	1
758	808	1	1
758	759	1	1
758	757	1	1
808	758	1	1
808	858	1	1
808	809	1	1
808	807	1	1
858	808	1	1
858	908	1	1
858	859	1	1
858	857	1	1
908	858	1	1
908	958	1	1
908	909	1	1
908	907	1	1
958	908	1	1
958	1008	1	1
958	959	1	1
958	957	1	1
1008	958	1	1
1008	1058	1	1
1008	1009	1	1
1008	1007	1	1
1058	1008	1	1
1058	1108	1	1
1058	1059	1	1
1058	1057	1	1
1108	1058	1	1
1108	1158	1	1
1108	1109	1	1
1108	1107	1	1
1158	1108	1	1
1158	1208	1	1
1158	1159	1	1
1158	1157	1	1
1208	1158	1	1
1208	1258	1	1
1208	1209	1	1
1208	1207	1	1
1258	1208	1	1
1258	1308	1	1
1258	1259	1	1
1258	1257	1	1
1308	1258	1	1
1308	1358	1	1
1308	1309	1	1
1308	1307	1	1
1358	1308	1	1
1358	1408	1	1
1358	1359	1	1
1358	1357	1	1
1408	1358	1	1
1408	1458	1	1
1408	1409	1	1
1408	1407	1	1
1458	1408	1	1
1458	1459	1	1
1458	1457	1	1
9	59	1	1
9	10	1	1
9	8	1	1
59	9	1	1
59	109	1	1
59	60	1	1
59	58	1	1
109	59	1	1
109	159	1	1
109	110	1	1
109	108	1	1
159	109	1	1
159	209	1	1
159	160	1	1
159	158	1	1
209	159	1	1
209	259	1	1
209	210	1	1
209	208	1	1
259	209	1	1
259	309	1	1
259	260	1	1
259	258	1	1
309	259	1	1
309	359	1	1
309	310	1	1
309	308	1	1
359	309	1	1
359	409	1	1
359	360	1	1
359	358	1	1
409	359	1	1
409	459	1	1
409	410	1	1
409	408	1	1
459	409	1	1
459	509	1	1
459	460	1	1
459	458	1	1
509	459	1	1
509	559	1	1
509	510	1	1
509	508	1	1
559	509	1	1
559	560	1	1
559	558	1	1
759	809	1	1
759	760	1	1
759	758	1	1
809	759	1	1
809	859	1	1
809	810	1	1
809	808	1	1
859	809	1	1
859	909	1	1
859	860	1	1
859	858	1	1
909	859	1	1
909	959	1	1
909	910	1	1
909	908	1	1
959	909	1	1
959	1009	1	1
959	960	1	1
959	958	1	1
1009	959	1	1
1009	1059	1	1
1009	1010	1	1
1009	1008	1	1
1059	1009	1	1
1059	1109	1	1
1059	1060	1	1
1059	1058	1	1
1109	1059	1	1
1109	1159	1	1
1109	1110	1	1
1109	1108	1	1
1159	1109	1	1
1159	1209	1	1
1159	1160	1	1
1159	1158	1	1
1209	1159	1	1
1209	1259	1	1
1209	1210	1	1
1209	1208	1	1
1259	1209	1	1
1259	1309	1	1
1259	1260	1	1
1259	1258	1	1
1309	1259	1	1
1309	1359	1	1
1309	1310	1	1
1309	1308	1	1
1359	1309	1	1
1359	1409	1	1
1359	1360	1	1
1359	1358	1	1
1409	1359	1	1
1409	1459	1	1
1409	1410	1	1
1409	1408	1	1
1459	1409	1	1
1459	1460	1	1
1459	1458	1	1
10	60	1	1
10	11	1	1
10	9	1	1
60	10	1	1
60	110	1	1
60	61	1	1
60	59	1	1
110	60	1	1
110	160	1	1
110	111	1	1
110	109	1	1
160	110	1	1
160	210	1	1
160	161	1	1
160	159	1	1
210	160	1	1
210	260	1	1
210	211	1	1
210	209	1	1
260	210	1	1
260	310	1	1
260	261	1	1
260	259	1	1
310	260	1	1
310	360	1	1
310	311	1	1
310	309	1	1
360	310	1	1
360	410	1	1
360	361	1	1
360	359	1	1
410	360	1	1
410	460	1	1
410	411	1	1
410	409	1	1
460	410	1	1
460	510	1	1
460	461	1	1
460	459	1	1
510	460	1	1
510	560	1	1
510	511	1	1
510	509	1	1
560	510	1	1
560	561	1	1
560	559	1	1
760	810	1	1
760	761	1	1
760	759	1	1
810	760	1	1
810	860	1	1
810	811	1	1
810	809	1	1
860	810	1	1
860	910	1	1
860	861	1	1
860	859	1	1
910	860	1	1
910	960	1	1
910	911	1	1
910	909	1	1
960	910	1	1
960	1010	1	1
960	961	1	1
960	959	1	1
1010	960	1	1
1010	1060	1	1
1010	1011	1	1
1010	1009	1	1
1060	1010	1	1
1060	1110	1	1
1060	1061	1	1
1060	1059	1	1
1110	1060	1	1
1110	1160	1	1
1110	1111	1	1
1110	1109	1	1
1160	1110	1	1
1160	1210	1	1
1160	1161	1	1
1160	1159	1	1
1210	1160	1	1
1210	1260	1	1
1210	1211	1	1
1210	1209	1	1
1260	1210	1	1
1260	1310	1	1
1260	1261	1	1
1260	1259	1	1
1310	1260	1	1
1310	1360	1	1
1310	1311	1	1
1310	1309	1	1
1360	1310	1	1
1360	1410	1	1
1360	1361	1	1
1360	1359	1	1
1410	1360	1	1
1410	1460	1	1
1410	1411	1	1
1410	1409	1	1
1460	1410	1	1
1460	1461	1	1
1460	1459	1	1
11	61	1	1
11	12	1	1
11	10	1	1
61	11	1	1
61	111	1	1
61	62	1	1
61	60	1	1
111	61	1	1
111	161	1	1
111	112	1	1
111	110	1	1
161	111	1	1
161	211	1	1
161	162	1	1
161	160	1	1
211	161	1	1
211	261	1	1
211	212	1	1
211	210	1	1
261	211	1	1
261	311	1	1
261	262	1	1
261	260	1	1
311	261	1	1
311	361	1	1
311	312	1	1
311	310	1	1
361	311	1	1
361	411	1	1
361	362	1	1
361	360	1	1
411	361	1	1
411	461	1	1
411	412	1	1
411	410	1	1
461	411	1	1
461	511	1	1
461	462	1	1
461	460	1	1
511	461	1	1
511	561	1	1
511	512	1	1
511	510	1	1
561	511	1	1
561	562	1	1
561	560	1	1
761	811	1	1
761	762	1	1
761	760	1	1
811	761	1	1
811	861	1	1
811	812	1	1
811	810	1	1
861	811	1	1
861	911	1	1
861	862	1	1
861	860	1	1
911	861	1	1
911	961	1	1
911	912	1	1
911	910	1	1
961	911	1	1
961	1011	1	1
961	962	1	1
961	960	1	1
1011	961	1	1
1011	1061	1	1
1011	1012	1	1
1011	1010	1	1
1061	1011	1	1
1061	1111	1	1
1061	1062	1	1
1061	1060	1	1
1111	1061	1	1
1111	1161	1	1
1111	1112	1	1
1111	1110	1	1
1161	1111	1	1
1161	1211	1	1
1161	1162	1	1
1161	1160	1	1
1211	1161	1	1
1211	1261	1	1
1211	1212	1	1
1211	1210	1	1
1261	1211	1	1
1261	1311	1	1
1261	1262	1	1
1261	1260	1	1
1311	1261	1	1
1311	1361	1	1
1311	1312	1	1
1311	1310	1	1
1361	1311	1	1
1361	1411	1	1
1361	1362	1	1
1361	1360	1	1
1411	1361	1	1
1411	1461	1	1
1411	1412	1	1
1411	1410	1	1
1461	1411	1	1
1461	1462	1	1
1461	1460	1	1
12	62	1	1
12	13	1	1
12	11	1	1
62	12	1	1
62	112	1	1
62	63	1	1
62	61	1	1
112	62	1	1
112	162	1	1
112	113	1	1
112	111	1	1
162	112	1	1
162	212	1	1
162	163	1	1
162	161	1	1
212	162	1	1
212	262	1	1
212	213	1	1
212	211	1	1
262	212	1	1
262	312	1	1
262	263	1	1
262	261	1	1
312	262	1	1
312	362	1	1
312	313	1	1
312	311	1	1
362	312	1	1
362	412	1	1
362	363	1	1
362	361	1	1
412	362	1	1
412	462	1	1
412	413	1	1
412	411	1	1
462	412	1	1
462	512	1	1
462	463	1	1
462	461	1	1
512	462	1	1
512	562	1	1
512	513	1	1
512	511	1	1
562	512	1	1
562	563	1	1
562	561	1	1
762	812	1	1
762	763	1	1
762	761	1	1
812	762	1	1
812	862	1	1
812	813	1	1
812	811	1	1
862	812	1	1
862	912	1	1
862	863	1	1
862	861	1	1
912	862	1	1
912	962	1	1
912	913	1	1
912	911	1	1
962	912	1	1
962	1012	1	1
962	963	1	1
962	961	1	1
1012	962	1	1
1012	1062	1	1
1012	1013	1	1
1012	1011	1	1
1062	1012	1	1
1062	1112	1	1
1062	1063	1	1
1062	1061	1	1
1112	1062	1	1
1112	1162	1	1
1112	1113	1	1
1112	1111	1	1
1162	1112	1	1
1162	1212	1	1
1162	1163	1	1
1162	1161	1	1
1212	1162	1	1
1212	1262	1	1
1212	1213	1	1
1212	1211	1	1
1262	1212	1	1
1262	1312	1	1
1262	1263	1	1
1262	1261	1	1
1312	1262	1	1
1312	1362	1	1
1312	1313	1	1
1312	1311	1	1
1362	1312	1	1
1362	1412	1	1
1362	1363	1	1
1362	1361	1	1
1412	1362	1	1
1412	1462	1	1
1412	1413	1	1
1412	1411	1	1
1462	1412	1	1
1462	1463	1	1
1462	1461	1	1
13	63	1	1
13	14	1	1
13	12	1	1
63	13	1	1
63	113	1	1
63	64	1	1
63	62	1	1
113	63	1	1
113	163	1	1
113	114	1	1
113	112	1	1
163	113	1	1
163	213	1	1
163	164	1	1
163	162	1	1
213	163	1	1
213	263	1	1
213	214	1	1
213	212	1	1
263	213	1	1
263	313	1	1
263	264	1	1
263	262	1	1
313	263	1	1
313	363	1	1
313	314	1	1
313	312	1	1
363	313	1	1
363	413	1	1
363	364	1	1
363	362	1	1
413	363	1	1
413	463	1	1
413	414	1	1
413	412	1	1
463	413	1	1
463	513	1	1
463	464	1	1
463	462	1	1
513	463	1	1
513	563	1	1
513	514	1	1
513	512	1	1
563	513	1	1
563	564	1	1
563	562	1	1
763	813	1	1
763	764	1	1
763	762	1	1
813	763	1	1
813	863	1	1
813	814	1	1
813	812	1	1
863	813	1	1
863	913	1	1
863	864	1	1
863	862	1	1
913	863	1	1
913	963	1	1
913	914	1	1
913	912	1	1
963	913	1	1
963	1013	1	1
963	962	1	1
1013	963	1	1
1013	1063	1	1
1013	1012	1	1
1063	1013	1	1
1063	1113	1	1
1063	1062	1	1
1113	1063	1	1
1113	1163	1	1
1113	1114	1	1
1113	1112	1	1
1163	1113	1	1
1163	1213	1	1
1163	1164	1	1
1163	1162	1	1
1213	1163	1	1
1213	1263	1	1
1213	1214	1	1
1213	1212	1	1
1263	1213	1	1
1263	1313	1	1
1263	1264	1	1
1263	1262	1	1
1313	1263	1	1
1313	1363	1	1
1313	1314	1	1
1313	1312	1	1
1363	1313	1	1
1363	1413	1	1
1363	1364	1	1
1363	1362	1	1
1413	1363	1	1
1413	1463	1	1
1413	1414	1	1
1413	1412	1	1
1463	1413	1	1
1463	1464	1	1
1463	1462	1	1
14	64	1	1
14	15	1	1
14	13	1	1
64	14	1	1
64	114	1	1
64	65	1	1
64	63	1	1
114	64	1	1
114	164	1	1
114	115	1	1
114	113	1	1
164	114	1	1
164	214	1	1
164	165	1	1
164	163	1	1
214	164	1	1
214	264	1	1
214	215	1	1
214	213	1	1
264	214	1	1
264	314	1	1
264	265	1	1
264	263	1	1
314	264	1	1
314	364	1	1
314	315	1	1
314	313	1	1
364	314	1	1
364	414	1	1
364	365	1	1
364	363	1	1
414	364	1	1
414	464	1	1
414	415	1	1
414	413	1	1
464	414	1	1
464	514	1	1
464	465	1	1
464	463	1	1
514	464	1	1
514	564	1	1
514	515	1	1
514	513	1	1
564	514	1	1
564	565	1	1
564	563	1	1
764	814	1	1
764	765	1	1
764	763	1	1
814	764	1	1
814	864	1	1
814	815	1	1
814	813	1	1
864	814	1	1
864	914	1	1
864	865	1	1
864	863	1	1
914	864	1	1
914	915	1	1
914	913	1	1
1114	1164	1	1
1114	1115	1	1
1114	1113	1	1
1164	1114	1	1
1164	1214	1	1
1164	1165	1	1
1164	1163	1	1
1214	1164	1	1
1214	1264	1	1
1214	1215	1	1
1214	1213	1	1
1264	1214	1	1
1264	1314	1	1
1264	1265	1	1
1264	1263	1	1
1314	1264	1	1
1314	1364	1	1
1314	1315	1	1
1314	1313	1	1
1364	1314	1	1
1364	1414	1	1
1364	1365	1	1
1364	1363	1	1
1414	1364	1	1
1414	1464	1	1
1414	1415	1	1
1414	1413	1	1
1464	1414	1	1
1464	1465	1	1
1464	1463	1	1
15	65	1	1
15	16	1	1
15	14	1	1
65	15	1	1
65	115	1	1
65	66	1	1
65	64	1	1
115	65	1	1
115	165	1	1
115	116	1	1
115	114	1	1
165	115	1	1
165	215	1	1
165	166	1	1
165	164	1	1
215	165	1	1
215	265	1	1
215	216	1	1
215	214	1	1
265	215	1	1
265	315	1	1
265	266	1	1
265	264	1	1
315	265	1	1
315	365	1	1
315	316	1	1
315	314	1	1
365	315	1	1
365	415	1	1
365	366	1	1
365	364	1	1
415	365	1	1
415	465	1	1
415	416	1	1
415	414	1	1
465	415	1	1
465	515	1	1
465	466	1	1
465	464	1	1
515	465	1	1
515	565	1	1
515	516	1	1
515	514	1	1
565	515	1	1
565	566	1	1
565	564	1	1
765	815	1	1
765	766	1	1
765	764	1	1
815	765	1	1
815	865	1	1
815	816	1	1
815	814	1	1
865	815	1	1
865	915	1	1
865	866	1	1
865	864	1	1
915	865	1	1
915	916	1	1
915	914	1	1
1115	1165	1	1
1115	1116	1	1
1115	1114	1	1
1165	1115	1	1
1165	1215	1	1
1165	1166	1	1
1165	1164	1	1
1215	1165	1	1
1215	1265	1	1
1215	1216	1	1
1215	1214	1	1
1265	1215	1	1
1265	1315	1	1
1265	1266	1	1
1265	1264	1	1
1315	1265	1	1
1315	1365	1	1
1315	1316	1	1
1315	1314	1	1
1365	1315	1	1
1365	1415	1	1
1365	1366	1	1
1365	1364	1	1
1415	1365	1	1
1415	1465	1	1
1415	1416	1	1
1415	1414	1	1
1465	1415	1	1
1465	1466	1	1
1465	1464	1	1
16	66	1	1
16	17	1	1
16	15	1	1
66	16	1	1
66	116	1	1
66	67	1	1
66	65	1	1
116	66	1	1
116	166	1	1
116	117	1	1
116	115	1	1
166	116	1	1
166	216	1	1
166	167	1	1
166	165	1	1
216	166	1	1
216	266	1	1
216	217	1	1
216	215	1	1
266	216	1	1
266	316	1	1
266	267	1	1
266	265	1	1
316	266	1	1
316	366	1	1
316	317	1	1
316	315	1	1
366	316	1	1
366	416	1	1
366	367	1	1
366	365	1	1
416	366	1	1
416	466	1	1
416	417	1	1
416	415	1	1
466	416	1	1
466	516	1	1
466	467	1	1
466	465	1	1
516	466	1	1
516	566	1	1
516	517	1	1
516	515	1	1
566	516	1	1
566	567	1	1
566	565	1	1
766	816	1	1
766	767	1	1
766	765	1	1
816	766	1	1
816	866	1	1
816	817	1	1
816	815	1	1
866	816	1	1
866	916	1	1
866	867	1	1
866	865	1	1
916	866	1	1
916	917	1	1
916	915	1	1
1116	1166	1	1
1116	1117	1	1
1116	1115	1	1
1166	1116	1	1
1166	1216	1	1
1166	1167	1	1
1166	1165	1	1
1216	1166	1	1
1216	1266	1	1
1216	1217	1	1
1216	1215	1	1
1266	1216	1	1
1266	1316	1	1
1266	1267	1	1
1266	1265	1	1
1316	1266	1	1
1316	1366	1	1
1316	1317	1	1
1316	1315	1	1
1366	1316	1	1
1366	1416	1	1
1366	1367	1	1
1366	1365	1	1
1416	1366	1	1
1416	1466	1	1
1416	1417	1	1
1416	1415	1	1
1466	1416	1	1
1466	1467	1	1
1466	1465	1	1
17	67	1	1
17	18	1	1
17	16	1	1
67	17	1	1
67	117	1	1
67	68	1	1
67	66	1	1
117	67	1	1
117	167	1	1
117	118	1	1
117	116	1	1
167	117	1	1
167	217	1	1
167	168	1	1
167	166	1	1
217	167	1	1
217	267	1	1
217	218	1	1
217	216	1	1
267	217	1	1
267	317	1	1
267	268	1	1
267	266	1	1
317	267	1	1
317	367	1	1
317	318	1	1
317	316	1	1
367	317	1	1
367	417	1	1
367	368	1	1
367	366	1	1
417	367	1	1
417	467	1	1
417	418	1	1
417	416	1	1
467	417	1	1
467	517	1	1
467	468	1	1
467	466	1	1
517	467	1	1
517	567	1	1
517	518	1	1
517	516	1	1
567	517	1	1
567	617	1	1
567	568	1	1
567	566	1	1
617	567	1	1
617	667	1	1
617	618	1	1
667	617	1	1
667	717	1	1
667	668	1	1
717	667	1	1
717	767	1	1
717	718	1	1
767	717	1	1
767	817	1	1
767	768	1	1
767	766	1	1
817	767	1	1
817	867	1	1
817	818	1	1
817	816	1	1
867	817	1	1
867	917	1	1
867	868	1	1
867	866	1	1
917	867	1	1
917	967	1	1
917	918	1	1
917	916	1	1
967	917	1	1
967	1017	1	1
967	968	1	1
1017	967	1	1
1017	1067	1	1
1017	1018	1	1
1067	1017	1	1
1067	1117	1	1
1067	1068	1	1
1117	1067	1	1
1117	1167	1	1
1117	1118	1	1
1117	1116	1	1
1167	1117	1	1
1167	1217	1	1
1167	1168	1	1
1167	1166	1	1
1217	1167	1	1
1217	1267	1	1
1217	1218	1	1
1217	1216	1	1
1267	1217	1	1
1267	1317	1	1
1267	1268	1	1
1267	1266	1	1
1317	1267	1	1
1317	1367	1	1
1317	1318	1	1
1317	1316	1	1
1367	1317	1	1
1367	1417	1	1
1367	1368	1	1
1367	1366	1	1
1417	1367	1	1
1417	1467	1	1
1417	1418	1	1
1417	1416	1	1
1467	1417	1	1
1467	1468	1	1
1467	1466	1	1
18	68	1	1
18	19	1	1
18	17	1	1
68	18	1	1
68	118	1	1
68	69	1	1
68	67	1	1
118	68	1	1
118	168	1	1
118	119	1	1
118	117	1	1
168	118	1	1
168	218	1	1
168	169	1	1
168	167	1	1
218	168	1	1
218	268	1	1
218	219	1	1
218	217	1	1
268	218	1	1
268	318	1	1
268	269	1	1
268	267	1	1
318	268	1	1
318	368	1	1
318	319	1	1
318	317	1	1
368	318	1	1
368	418	1	1
368	369	1	1
368	367	1	1
418	368	1	1
418	468	1	1
418	419	1	1
418	417	1	1
468	418	1	1
468	518	1	1
468	469	1	1
468	467	1	1
518	468	1	1
518	568	1	1
518	519	1	1
518	517	1	1
568	518	1	1
568	618	1	1
568	569	1	1
568	567	1	1
618	568	1	1
618	668	1	1
618	619	1	1
618	617	1	1
668	618	1	1
668	718	1	1
668	669	1	1
668	667	1	1
718	668	1	1
718	768	1	1
718	719	1	1
718	717	1	1
768	718	1	1
768	818	1	1
768	769	1	1
768	767	1	1
818	768	1	1
818	868	1	1
818	819	1	1
818	817	1	1
868	818	1	1
868	918	1	1
868	869	1	1
868	867	1	1
918	868	1	1
918	968	1	1
918	919	1	1
918	917	1	1
968	918	1	1
968	1018	1	1
968	969	1	1
968	967	1	1
1018	968	1	1
1018	1068	1	1
1018	1019	1	1
1018	1017	1	1
1068	1018	1	1
1068	1118	1	1
1068	1069	1	1
1068	1067	1	1
1118	1068	1	1
1118	1168	1	1
1118	1119	1	1
1118	1117	1	1
1168	1118	1	1
1168	1218	1	1
1168	1169	1	1
1168	1167	1	1
1218	1168	1	1
1218	1268	1	1
1218	1219	1	1
1218	1217	1	1
1268	1218	1	1
1268	1318	1	1
1268	1269	1	1
1268	1267	1	1
1318	1268	1	1
1318	1368	1	1
1318	1319	1	1
1318	1317	1	1
1368	1318	1	1
1368	1418	1	1
1368	1369	1	1
1368	1367	1	1
1418	1368	1	1
1418	1468	1	1
1418	1419	1	1
1418	1417	1	1
1468	1418	1	1
1468	1469	1	1
1468	1467	1	1
19	69	1	1
19	20	1	1
19	18	1	1
69	19	1	1
69	119	1	1
69	70	1	1
69	68	1	1
119	69	1	1
119	169	1	1
119	120	1	1
119	118	1	1
169	119	1	1
169	219	1	1
169	170	1	1
169	168	1	1
219	169	1	1
219	269	1	1
219	220	1	1
219	218	1	1
269	219	1	1
269	319	1	1
269	270	1	1
269	268	1	1
319	269	1	1
319	369	1	1
319	320	1	1
319	318	1	1
369	319	1	1
369	419	1	1
369	370	1	1
369	368	1	1
419	369	1	1
419	469	1	1
419	420	1	1
419	418	1	1
469	419	1	1
469	519	1	1
469	470	1	1
469	468	1	1
519	469	1	1
519	569	1	1
519	520	1	1
519	518	1	1
569	519	1	1
569	619	1	1
569	570	1	1
569	568	1	1
619	569	1	1
619	669	1	1
619	620	1	1
619	618	1	1
669	619	1	1
669	719	1	1
669	670	1	1
669	668	1	1
719	669	1	1
719	769	1	1
719	720	1	1
719	718	1	1
769	719	1	1
769	819	1	1
769	770	1	1
769	768	1	1
819	769	1	1
819	869	1	1
819	820	1	1
819	818	1	1
869	819	1	1
869	919	1	1
869	870	1	1
869	868	1	1
919	869	1	1
919	969	1	1
919	920	1	1
919	918	1	1
969	919	1	1
969	1019	1	1
969	970	1	1
969	968	1	1
1019	969	1	1
1019	1069	1	1
1019	1020	1	1
1019	1018	1	1
1069	1019	1	1
1069	1119	1	1
1069	1070	1	1
1069	1068	1	1
1119	1069	1	1
1119	1169	1	1
1119	1120	1	1
1119	1118	1	1
1169	1119	1	1
1169	1219	1	1
1169	1170	1	1
1169	1168	1	1
1219	1169	1	1
1219	1269	1	1
1219	1220	1	1
1219	1218	1	1
1269	1219	1	1
1269	1319	1	1
1269	1270	1	1
1269	1268	1	1
1319	1269	1	1
1319	1369	1	1
1319	1320	1	1
1319	1318	1	1
1369	1319	1	1
1369	1419	1	1
1369	1370	1	1
1369	1368	1	1
1419	1369	1	1
1419	1469	1	1
1419	1420	1	1
1419	1418	1	1
1469	1419	1	1
1469	1470	1	1
1469	1468	1	1
20	70	1	1
20	21	1	1
20	19	1	1
70	20	1	1
70	120	1	1
70	71	1	1
70	69	1	1
120	70	1	1
120	170	1	1
120	121	1	1
120	119	1	1
170	120	1	1
170	220	1	1
170	171	1	1
170	169	1	1
220	170	1	1
220	270	1	1
220	221	1	1
220	219	1	1
270	220	1	1
270	320	1	1
270	271	1	1
270	269	1	1
320	270	1	1
320	370	1	1
320	321	1	1
320	319	1	1
370	320	1	1
370	420	1	1
370	371	1	1
370	369	1	1
420	370	1	1
420	470	1	1
420	421	1	1
420	419	1	1
470	420	1	1
470	520	1	1
470	471	1	1
470	469	1	1
520	470	1	1
520	570	1	1
520	521	1	1
520	519	1	1
570	520	1	1
570	620	1	1
570	571	1	1
570	569	1	1
620	570	1	1
620	670	1	1
620	621	1	1
620	619	1	1
670	620	1	1
670	720	1	1
670	671	1	1
670	669	1	1
720	670	1	1
720	770	1	1
720	721	1	1
720	719	1	1
770	720	1	1
770	820	1	1
770	771	1	1
770	769	1	1
820	770	1	1
820	870	1	1
820	821	1	1
820	819	1	1
870	820	1	1
870	920	1	1
870	871	1	1
870	869	1	1
920	870	1	1
920	970	1	1
920	921	1	1
920	919	1	1
970	920	1	1
970	1020	1	1
970	971	1	1
970	969	1	1
1020	970	1	1
1020	1070	1	1
1020	1021	1	1
1020	1019	1	1
1070	1020	1	1
1070	1120	1	1
1070	1071	1	1
1070	1069	1	1
1120	1070	1	1
1120	1170	1	1
1120	1121	1	1
1120	1119	1	1
1170	1120	1	1
1170	1220	1	1
1170	1171	1	1
1170	1169	1	1
1220	1170	1	1
1220	1270	1	1
1220	1221	1	1
1220	1219	1	1
1270	1220	1	1
1270	1320	1	1
1270	1271	1	1
1270	1269	1	1
1320	1270	1	1
1320	1370	1	1
1320	1321	1	1
1320	1319	1	1
1370	1320	1	1
1370	1420	1	1
1370	1371	1	1
1370	1369	1	1
1420	1370	1	1
1420	1470	1	1
1420	1421	1	1
1420	1419	1	1
1470	1420	1	1
1470	1471	1	1
1470	1469	1	1
21	71	1	1
21	22	1	1
21	20	1	1
71	21	1	1
71	121	1	1
71	72	1	1
71	70	1	1
121	71	1	1
121	171	1	1
121	122	1	1
121	120	1	1
171	121	1	1
171	221	1	1
171	172	1	1
171	170	1	1
221	171	1	1
221	271	1	1
221	222	1	1
221	220	1	1
271	221	1	1
271	321	1	1
271	270	1	1
321	271	1	1
321	371	1	1
321	320	1	1
371	321	1	1
371	421	1	1
371	370	1	1
421	371	1	1
421	471	1	1
421	422	1	1
421	420	1	1
471	421	1	1
471	521	1	1
471	472	1	1
471	470	1	1
521	471	1	1
521	571	1	1
521	522	1	1
521	520	1	1
571	521	1	1
571	621	1	1
571	572	1	1
571	570	1	1
621	571	1	1
621	671	1	1
621	622	1	1
621	620	1	1
671	621	1	1
671	721	1	1
671	672	1	1
671	670	1	1
721	671	1	1
721	771	1	1
721	722	1	1
721	720	1	1
771	721	1	1
771	821	1	1
771	772	1	1
771	770	1	1
821	771	1	1
821	871	1	1
821	822	1	1
821	820	1	1
871	821	1	1
871	921	1	1
871	872	1	1
871	870	1	1
921	871	1	1
921	971	1	1
921	922	1	1
921	920	1	1
971	921	1	1
971	1021	1	1
971	972	1	1
971	970	1	1
1021	971	1	1
1021	1071	1	1
1021	1022	1	1
1021	1020	1	1
1071	1021	1	1
1071	1121	1	1
1071	1072	1	1
1071	1070	1	1
1121	1071	1	1
1121	1171	1	1
1121	1122	1	1
1121	1120	1	1
1171	1121	1	1
1171	1221	1	1
1171	1172	1	1
1171	1170	1	1
1221	1171	1	1
1221	1271	1	1
1221	1222	1	1
1221	1220	1	1
1271	1221	1	1
1271	1321	1	1
1271	1272	1	1
1271	1270	1	1
1321	1271	1	1
1321	1371	1	1
1321	1322	1	1
1321	1320	1	1
1371	1321	1	1
1371	1421	1	1
1371	1372	1	1
1371	1370	1	1
1421	1371	1	1
1421	1471	1	1
1421	1422	1	1
1421	1420	1	1
1471	1421	1	1
1471	1472	1	1
1471	1470	1	1
22	72	1	1
22	23	1	1
22	21	1	1
72	22	1	1
72	122	1	1
72	73	1	1
72	71	1	1
122	72	1	1
122	172	1	1
122	123	1	1
122	121	1	1
172	122	1	1
172	222	1	1
172	173	1	1
172	171	1	1
222	172	1	1
222	223	1	1
222	221	1	1
422	472	1	1
422	423	1	1
422	421	1	1
472	422	1	1
472	522	1	1
472	473	1	1
472	471	1	1
522	472	1	1
522	572	1	1
522	523	1	1
522	521	1	1
572	522	1	1
572	622	1	1
572	573	1	1
572	571	1	1
622	572	1	1
622	672	1	1
622	623	1	1
622	621	1	1
672	622	1	1
672	722	1	1
672	673	1	1
672	671	1	1
722	672	1	1
722	772	1	1
722	723	1	1
722	721	1	1
772	722	1	1
772	822	1	1
772	773	1	1
772	771	1	1
822	772	1	1
822	872	1	1
822	823	1	1
822	821	1	1
872	822	1	1
872	922	1	1
872	873	1	1
872	871	1	1
922	872	1	1
922	972	1	1
922	923	1	1
922	921	1	1
972	922	1	1
972	1022	1	1
972	973	1	1
972	971	1	1
1022	972	1	1
1022	1072	1	1
1022	1023	1	1
1022	1021	1	1
1072	1022	1	1
1072	1122	1	1
1072	1073	1	1
1072	1071	1	1
1122	1072	1	1
1122	1172	1	1
1122	1123	1	1
1122	1121	1	1
1172	1122	1	1
1172	1222	1	1
1172	1173	1	1
1172	1171	1	1
1222	1172	1	1
1222	1272	1	1
1222	1223	1	1
1222	1221	1	1
1272	1222	1	1
1272	1322	1	1
1272	1273	1	1
1272	1271	1	1
1322	1272	1	1
1322	1372	1	1
1322	1323	1	1
1322	1321	1	1
1372	1322	1	1
1372	1422	1	1
1372	1373	1	1
1372	1371	1	1
1422	1372	1	1
1422	1472	1	1
1422	1423	1	1
1422	1421	1	1
1472	1422	1	1
1472	1473	1	1
1472	1471	1	1
23	73	1	1
23	24	1	1
23	22	1	1
73	23	1	1
73	123	1	1
73	74	1	1
73	72	1	1
123	73	1	1
123	173	1	1
123	124	1	1
123	122	1	1
173	123	1	1
173	223	1	1
173	174	1	1
173	172	1	1
223	173	1	1
223	224	1	1
223	222	1	1
423	473	1	1
423	424	1	1
423	422	1	1
473	423	1	1
473	523	1	1
473	474	1	1
473	472	1	1
523	473	1	1
523	573	1	1
523	524	1	1
523	522	1	1
573	523	1	1
573	623	1	1
573	574	1	1
573	572	1	1
623	573	1	1
623	673	1	1
623	624	1	1
623	622	1	1
673	623	1	1
673	723	1	1
673	674	1	1
673	672	1	1
723	673	1	1
723	773	1	1
723	724	1	1
723	722	1	1
773	723	1	1
773	823	1	1
773	774	1	1
773	772	1	1
823	773	1	1
823	873	1	1
823	824	1	1
823	822	1	1
873	823	1	1
873	923	1	1
873	874	1	1
873	872	1	1
923	873	1	1
923	973	1	1
923	924	1	1
923	922	1	1
973	923	1	1
973	1023	1	1
973	974	1	1
973	972	1	1
1023	973	1	1
1023	1073	1	1
1023	1024	1	1
1023	1022	1	1
1073	1023	1	1
1073	1123	1	1
1073	1074	1	1
1073	1072	1	1
1123	1073	1	1
1123	1173	1	1
1123	1124	1	1
1123	1122	1	1
1173	1123	1	1
1173	1223	1	1
1173	1174	1	1
1173	1172	1	1
1223	1173	1	1
1223	1273	1	1
1223	1224	1	1
1223	1222	1	1
1273	1223	1	1
1273	1323	1	1
1273	1274	1	1
1273	1272	1	1
1323	1273	1	1
1323	1373	1	1
1323	1324	1	1
1323	1322	1	1
1373	1323	1	1
1373	1423	1	1
1373	1374	1	1
1373	1372	1	1
1423	1373	1	1
1423	1473	1	1
1423	1424	1	1
1423	1422	1	1
1473	1423	1	1
1473	1474	1	1
1473	1472	1	1
24	74	1	1
24	25	1	1
24	23	1	1
74	24	1	1
74	124	1	1
74	75	1	1
74	73	1	1
124	74	1	1
124	174	1	1
124	125	1	1
124	123	1	1
174	124	1	1
174	224	1	1
174	175	1	1
174	173	1	1
224	174	1	1
224	225	1	1
224	223	1	1
424	474	1	1
424	425	1	1
424	423	1	1
474	424	1	1
474	524	1	1
474	475	1	1
474	473	1	1
524	474	1	1
524	574	1	1
524	525	1	1
524	523	1	1
574	524	1	1
574	624	1	1
574	575	1	1
574	573	1	1
624	574	1	1
624	674	1	1
624	625	1	1
624	623	1	1
674	624	1	1
674	724	1	1
674	675	1	1
674	673	1	1
724	674	1	1
724	774	1	1
724	725	1	1
724	723	1	1
774	724	1	1
774	824	1	1
774	775	1	1
774	773	1	1
824	774	1	1
824	874	1	1
824	825	1	1
824	823	1	1
874	824	1	1
874	924	1	1
874	875	1	1
874	873	1	1
924	874	1	1
924	974	1	1
924	925	1	1
924	923	1	1
974	924	1	1
974	1024	1	1
974	975	1	1
974	973	1	1
1024	974	1	1
1024	1074	1	1
1024	1025	1	1
1024	1023	1	1
1074	1024	1	1
1074	1124	1	1
1074	1075	1	1
1074	1073	1	1
1124	1074	1	1
1124	1174	1	1
1124	1125	1	1
1124	1123	1	1
1174	1124	1	1
1174	1224	1	1
1174	1175	1	1
1174	1173	1	1
1224	1174	1	1
1224	1274	1	1
1224	1225	1	1
1224	1223	1	1
1274	1224	1	1
1274	1324	1	1
1274	1275	1	1
1274	1273	1	1
1324	1274	1	1
1324	1374	1	1
1324	1325	1	1
1324	1323	1	1
1374	1324	1	1
1374	1424	1	1
1374	1375	1	1
1374	1373	1	1
1424	1374	1	1
1424	1474	1	1
1424	1425	1	1
1424	1423	1	1
1474	1424	1	1
1474	1475	1	1
1474	1473	1	1
25	75	1	1
25	26	1	1
25	24	1	1
75	25	1	1
75	125	1	1
75	76	1	1
75	74	1	1
125	75	1	1
125	175	1	1
125	126	1	1
125	124	1	1
175	125	1	1
175	225	1	1
175	176	1	1
175	174	1	1
225	175	1	1
225	275	1	1
225	226	1	1
225	224	1	1
275	225	1	1
275	325	1	1
275	276	1	1
325	275	1	1
325	375	1	1
325	326	1	1
375	325	1	1
375	425	1	1
375	376	1	1
425	375	1	1
425	475	1	1
425	426	1	1
425	424	1	1
475	425	1	1
475	525	1	1
475	476	1	1
475	474	1	1
525	475	1	1
525	575	1	1
525	526	1	1
525	524	1	1
575	525	1	1
575	625	1	1
575	576	1	1
575	574	1	1
625	575	1	1
625	675	1	1
625	626	1	1
625	624	1	1
675	625	1	1
675	725	1	1
675	676	1	1
675	674	1	1
725	675	1	1
725	775	1	1
725	726	1	1
725	724	1	1
775	725	1	1
775	825	1	1
775	776	1	1
775	774	1	1
825	775	1	1
825	875	1	1
825	826	1	1
825	824	1	1
875	825	1	1
875	925	1	1
875	876	1	1
875	874	1	1
925	875	1	1
925	975	1	1
925	926	1	1
925	924	1	1
975	925	1	1
975	1025	1	1
975	976	1	1
975	974	1	1
1025	975	1	1
1025	1075	1	1
1025	1026	1	1
1025	1024	1	1
1075	1025	1	1
1075	1125	1	1
1075	1076	1	1
1075	1074	1	1
1125	1075	1	1
1125	1175	1	1
1125	1126	1	1
1125	1124	1	1
1175	1125	1	1
1175	1225	1	1
1175	1176	1	1
1175	1174	1	1
1225	1175	1	1
1225	1275	1	1
1225	1226	1	1
1225	1224	1	1
1275	1225	1	1
1275	1325	1	1
1275	1276	1	1
1275	1274	1	1
1325	1275	1	1
1325	1375	1	1
1325	1326	1	1
1325	1324	1	1
1375	1325	1	1
1375	1425	1	1
1375	1376	1	1
1375	1374	1	1
1425	1375	1	1
1425	1475	1	1
1425	1426	1	1
1425	1424	1	1
1475	1425	1	1
1475	1476	1	1
1475	1474	1	1
26	76	1	1
26	27	1	1
26	25	1	1
76	26	1	1
76	126	1	1
76	77	1	1
76	75	1	1
126	76	1	1
126	176	1	1
126	127	1	1
126	125	1	1
176	126	1	1
176	226	1	1
176	177	1	1
176	175	1	1
226	176	1	1
226	276	1	1
226	227	1	1
226	225	1	1
276	226	1	1
276	326	1	1
276	277	1	1
276	275	1	1
326	276	1	1
326	376	1	1
326	327	1	1
326	325	1	1
376	326	1	1
376	426	1	1
376	377	1	1
376	375	1	1
426	376	1	1
426	476	1	1
426	427	1	1
426	425	1	1
476	426	1	1
476	526	1	1
476	477	1	1
476	475	1	1
526	476	1	1
526	576	1	1
526	527	1	1
526	525	1	1
576	526	1	1
576	626	1	1
576	577	1	1
576	575	1	1
626	576	1	1
626	676	1	1
626	627	1	1
626	625	1	1
676	626	1	1
676	726	1	1
676	677	1	1
676	675	1	1
726	676	1	1
726	776	1	1
726	727	1	1
726	725	1	1
776	726	1	1
776	826	1	1
776	777	1	1
776	775	1	1
826	776	1	1
826	876	1	1
826	827	1	1
826	825	1	1
876	826	1	1
876	926	1	1
876	877	1	1
876	875	1	1
926	876	1	1
926	976	1	1
926	927	1	1
926	925	1	1
976	926	1	1
976	1026	1	1
976	977	1	1
976	975	1	1
1026	976	1	1
1026	1076	1	1
1026	1027	1	1
1026	1025	1	1
1076	1026	1	1
1076	1126	1	1
1076	1077	1	1
1076	1075	1	1
1126	1076	1	1
1126	1176	1	1
1126	1127	1	1
1126	1125	1	1
1176	1126	1	1
1176	1226	1	1
1176	1177	1	1
1176	1175	1	1
1226	1176	1	1
1226	1276	1	1
1226	1227	1	1
1226	1225	1	1
1276	1226	1	1
1276	1326	1	1
1276	1277	1	1
1276	1275	1	1
1326	1276	1	1
1326	1376	1	1
1326	1327	1	1
1326	1325	1	1
1376	1326	1	1
1376	1426	1	1
1376	1377	1	1
1376	1375	1	1
1426	1376	1	1
1426	1476	1	1
1426	1427	1	1
1426	1425	1	1
1476	1426	1	1
1476	1477	1	1
1476	1475	1	1
27	77	1	1
27	28	1	1
27	26	1	1
77	27	1	1
77	127	1	1
77	78	1	1
77	76	1	1
127	77	1	1
127	177	1	1
127	128	1	1
127	126	1	1
177	127	1	1
177	227	1	1
177	178	1	1
177	176	1	1
227	177	1	1
227	277	1	1
227	228	1	1
227	226	1	1
277	227	1	1
277	327	1	1
277	278	1	1
277	276	1	1
327	277	1	1
327	377	1	1
327	328	1	1
327	326	1	1
377	327	1	1
377	427	1	1
377	378	1	1
377	376	1	1
427	377	1	1
427	477	1	1
427	428	1	1
427	426	1	1
477	427	1	1
477	527	1	1
477	478	1	1
477	476	1	1
527	477	1	1
527	577	1	1
527	528	1	1
527	526	1	1
577	527	1	1
577	627	1	1
577	578	1	1
577	576	1	1
627	577	1	1
627	677	1	1
627	628	1	1
627	626	1	1
677	627	1	1
677	727	1	1
677	678	1	1
677	676	1	1
727	677	1	1
727	777	1	1
727	728	1	1
727	726	1	1
777	727	1	1
777	827	1	1
777	778	1	1
777	776	1	1
827	777	1	1
827	877	1	1
827	828	1	1
827	826	1	1
877	827	1	1
877	927	1	1
877	878	1	1
877	876	1	1
927	877	1	1
927	977	1	1
927	928	1	1
927	926	1	1
977	927	1	1
977	1027	1	1
977	978	1	1
977	976	1	1
1027	977	1	1
1027	1077	1	1
1027	1028	1	1
1027	1026	1	1
1077	1027	1	1
1077	1127	1	1
1077	1078	1	1
1077	1076	1	1
1127	1077	1	1
1127	1177	1	1
1127	1128	1	1
1127	1126	1	1
1177	1127	1	1
1177	1227	1	1
1177	1178	1	1
1177	1176	1	1
1227	1177	1	1
1227	1277	1	1
1227	1228	1	1
1227	1226	1	1
1277	1227	1	1
1277	1327	1	1
1277	1278	1	1
1277	1276	1	1
1327	1277	1	1
1327	1377	1	1
1327	1328	1	1
1327	1326	1	1
1377	1327	1	1
1377	1427	1	1
1377	1378	1	1
1377	1376	1	1
1427	1377	1	1
1427	1477	1	1
1427	1428	1	1
1427	1426	1	1
1477	1427	1	1
1477	1478	1	1
1477	1476	1	1
28	78	1	1
28	29	1	1
28	27	1	1
78	28	1	1
78	128	1	1
78	79	1	1
78	77	1	1
128	78	1	1
128	178	1	1
128	129	1	1
128	127	1	1
178	128	1	1
178	228	1	1
178	179	1	1
178	177	1	1
228	178	1	1
228	278	1	1
228	229	1	1
228	227	1	1
278	228	1	1
278	328	1	1
278	279	1	1
278	277	1	1
328	278	1	1
328	378	1	1
328	329	1	1
328	327	1	1
378	328	1	1
378	428	1	1
378	379	1	1
378	377	1	1
428	378	1	1
428	478	1	1
428	429	1	1
428	427	1	1
478	428	1	1
478	528	1	1
478	479	1	1
478	477	1	1
528	478	1	1
528	578	1	1
528	529	1	1
528	527	1	1
578	528	1	1
578	628	1	1
578	579	1	1
578	577	1	1
628	578	1	1
628	678	1	1
628	629	1	1
628	627	1	1
678	628	1	1
678	728	1	1
678	679	1	1
678	677	1	1
728	678	1	1
728	778	1	1
728	729	1	1
728	727	1	1
778	728	1	1
778	828	1	1
778	779	1	1
778	777	1	1
828	778	1	1
828	878	1	1
828	829	1	1
828	827	1	1
878	828	1	1
878	928	1	1
878	879	1	1
878	877	1	1
928	878	1	1
928	978	1	1
928	929	1	1
928	927	1	1
978	928	1	1
978	1028	1	1
978	979	1	1
978	977	1	1
1028	978	1	1
1028	1078	1	1
1028	1029	1	1
1028	1027	1	1
1078	1028	1	1
1078	1128	1	1
1078	1079	1	1
1078	1077	1	1
1128	1078	1	1
1128	1178	1	1
1128	1129	1	1
1128	1127	1	1
1178	1128	1	1
1178	1228	1	1
1178	1179	1	1
1178	1177	1	1
1228	1178	1	1
1228	1278	1	1
1228	1229	1	1
1228	1227	1	1
1278	1228	1	1
1278	1328	1	1
1278	1279	1	1
1278	1277	1	1
1328	1278	1	1
1328	1378	1	1
1328	1329	1	1
1328	1327	1	1
1378	1328	1	1
1378	1428	1	1
1378	1379	1	1
1378	1377	1	1
1428	1378	1	1
1428	1478	1	1
1428	1429	1	1
1428	1427	1	1
1478	1428	1	1
1478	1479	1	1
1478	1477	1	1
29	79	1	1
29	28	1	1
79	29	1	1
79	129	1	1
79	78	1	1
129	79	1	1
129	179	1	1
129	128	1	1
179	129	1	1
179	229	1	1
179	178	1	1
229	179	1	1
229	279	1	1
229	228	1	1
279	229	1	1
279	329	1	1
279	278	1	1
329	279	1	1
329	379	1	1
329	328	1	1
379	329	1	1
379	429	1	1
379	378	1	1
429	379	1	1
429	479	1	1
429	428	1	1
479	429	1	1
479	529	1	1
479	478	1	1
529	479	1	1
529	579	1	1
529	528	1	1
579	529	1	1
579	629	1	1
579	578	1	1
629	579	1	1
629	679	1	1
629	628	1	1
679	629	1	1
679	729	1	1
679	678	1	1
729	679	1	1
729	779	1	1
729	728	1	1
779	729	1	1
779	829	1	1
779	778	1	1
829	779	1	1
829	879	1	1
829	828	1	1
879	829	1	1
879	929	1	1
879	878	1	1
929	879	1	1
929	979	1	1
929	928	1	1
979	929	1	1
979	1029	1	1
979	978	1	1
1029	979	1	1
1029	1079	1	1
1029	1028	1	1
1079	1029	1	1
1079	1129	1	1
1079	1080	1	1
1079	1078	1	1
1129	1079	1	1
1129	1179	1	1
1129	1130	1	1
1129	1128	1	1
1179	1129	1	1
1179	1229	1	1
1179	1180	1	1
1179	1178	1	1
1229	1179	1	1
1229	1279	1	1
1229	1230	1	1
1229	1228	1	1
1279	1229	1	1
1279	1329	1	1
1279	1280	1	1
1279	1278	1	1
1329	1279	1	1
1329	1379	1	1
1329	1330	1	1
1329	1328	1	1
1379	1329	1	1
1379	1429	1	1
1379	1380	1	1
1379	1378	1	1
1429	1379	1	1
1429	1479	1	1
1429	1430	1	1
1429	1428	1	1
1479	1429	1	1
1479	1480	1	1
1479	1478	1	1
1080	1130	1	1
1080	1081	1	1
1080	1079	1	1
1130	1080	1	1
1130	1180	1	1
1130	1131	1	1
1130	1129	1	1
1180	1130	1	1
1180	1230	1	1
1180	1181	1	1
1180	1179	1	1
1230	1180	1	1
1230	1280	1	1
1230	1231	1	1
1230	1229	1	1
1280	1230	1	1
1280	1330	1	1
1280	1281	1	1
1280	1279	1	1
1330	1280	1	1
1330	1380	1	1
1330	1331	1	1
1330	1329	1	1
1380	1330	1	1
1380	1430	1	1
1380	1381	1	1
1380	1379	1	1
1430	1380	1	1
1430	1480	1	1
1430	1431	1	1
1430	1429	1	1
1480	1430	1	1
1480	1481	1	1
1480	1479	1	1
1081	1131	1	1
1081	1082	1	1
1081	1080	1	1
1131	1081	1	1
1131	1181	1	1
1131	1132	1	1
1131	1130	1	1
1181	1131	1	1
1181	1231	1	1
1181	1182	1	1
1181	1180	1	1
1231	1181	1	1
1231	1281	1	1
1231	1232	1	1
1231	1230	1	1
1281	1231	1	1
1281	1331	1	1
1281	1282	1	1
1281	1280	1	1
1331	1281	1	1
1331	1381	1	1
1331	1332	1	1
1331	1330	1	1
1381	1331	1	1
1381	1431	1	1
1381	1382	1	1
1381	1380	1	1
1431	1381	1	1
1431	1481	1	1
1431	1432	1	1
1431	1430	1	1
1481	1431	1	1
1481	1482	1	1
1481	1480	1	1
32	82	1	1
32	33	1	1
82	32	1	1
82	132	1	1
82	83	1	1
132	82	1	1
132	182	1	1
132	133	1	1
182	132	1	1
182	232	1	1
182	183	1	1
232	182	1	1
232	282	1	1
232	233	1	1
282	232	1	1
282	332	1	1
282	283	1	1
332	282	1	1
332	382	1	1
332	333	1	1
382	332	1	1
382	432	1	1
382	383	1	1
432	382	1	1
432	482	1	1
432	433	1	1
482	432	1	1
482	532	1	1
482	483	1	1
532	482	1	1
532	582	1	1
532	533	1	1
582	532	1	1
582	632	1	1
582	583	1	1
632	582	1	1
632	682	1	1
632	633	1	1
682	632	1	1
682	732	1	1
682	683	1	1
732	682	1	1
732	782	1	1
732	733	1	1
782	732	1	1
782	832	1	1
782	783	1	1
832	782	1	1
832	882	1	1
832	833	1	1
882	832	1	1
882	932	1	1
882	883	1	1
932	882	1	1
932	982	1	1
932	933	1	1
982	932	1	1
982	1032	1	1
982	983	1	1
1032	982	1	1
1032	1082	1	1
1032	1033	1	1
1082	1032	1	1
1082	1132	1	1
1082	1083	1	1
1082	1081	1	1
1132	1082	1	1
1132	1182	1	1
1132	1133	1	1
1132	1131	1	1
1182	1132	1	1
1182	1232	1	1
1182	1183	1	1
1182	1181	1	1
1232	1182	1	1
1232	1282	1	1
1232	1233	1	1
1232	1231	1	1
1282	1232	1	1
1282	1332	1	1
1282	1283	1	1
1282	1281	1	1
1332	1282	1	1
1332	1382	1	1
1332	1333	1	1
1332	1331	1	1
1382	1332	1	1
1382	1432	1	1
1382	1383	1	1
1382	1381	1	1
1432	1382	1	1
1432	1482	1	1
1432	1433	1	1
1432	1431	1	1
1482	1432	1	1
1482	1483	1	1
1482	1481	1	1
33	83	1	1
33	34	1	1
33	32	1	1
83	33	1	1
83	133	1	1
83	84	1	1
83	82	1	1
133	83	1	1
133	183	1	1
133	134	1	1
133	132	1	1
183	133	1	1
183	233	1	1
183	184	1	1
183	182	1	1
233	183	1	1
233	283	1	1
233	234	1	1
233	232	1	1
283	233	1	1
283	333	1	1
283	284	1	1
283	282	1	1
333	283	1	1
333	383	1	1
333	334	1	1
333	332	1	1
383	333	1	1
383	433	1	1
383	384	1	1
383	382	1	1
433	383	1	1
433	483	1	1
433	434	1	1
433	432	1	1
483	433	1	1
483	533	1	1
483	484	1	1
483	482	1	1
533	483	1	1
533	583	1	1
533	534	1	1
533	532	1	1
583	533	1	1
583	633	1	1
583	584	1	1
583	582	1	1
633	583	1	1
633	683	1	1
633	634	1	1
633	632	1	1
683	633	1	1
683	733	1	1
683	684	1	1
683	682	1	1
733	683	1	1
733	783	1	1
733	734	1	1
733	732	1	1
783	733	1	1
783	833	1	1
783	784	1	1
783	782	1	1
833	783	1	1
833	883	1	1
833	834	1	1
833	832	1	1
883	833	1	1
883	933	1	1
883	884	1	1
883	882	1	1
933	883	1	1
933	983	1	1
933	934	1	1
933	932	1	1
983	933	1	1
983	1033	1	1
983	984	1	1
983	982	1	1
1033	983	1	1
1033	1083	1	1
1033	1034	1	1
1033	1032	1	1
1083	1033	1	1
1083	1133	1	1
1083	1084	1	1
1083	1082	1	1
1133	1083	1	1
1133	1183	1	1
1133	1134	1	1
1133	1132	1	1
1183	1133	1	1
1183	1233	1	1
1183	1184	1	1
1183	1182	1	1
1233	1183	1	1
1233	1283	1	1
1233	1234	1	1
1233	1232	1	1
1283	1233	1	1
1283	1333	1	1
1283	1284	1	1
1283	1282	1	1
1333	1283	1	1
1333	1383	1	1
1333	1334	1	1
1333	1332	1	1
1383	1333	1	1
1383	1433	1	1
1383	1384	1	1
1383	1382	1	1
1433	1383	1	1
1433	1483	1	1
1433	1434	1	1
1433	1432	1	1
1483	1433	1	1
1483	1484	1	1
1483	1482	1	1
34	84	1	1
34	35	1	1
34	33	1	1
84	34	1	1
84	134	1	1
84	85	1	1
84	83	1	1
134	84	1	1
134	184	1	1
134	135	1	1
134	133	1	1
184	134	1	1
184	234	1	1
184	185	1	1
184	183	1	1
234	184	1	1
234	284	1	1
234	235	1	1
234	233	1	1
284	234	1	1
284	334	1	1
284	285	1	1
284	283	1	1
334	284	1	1
334	384	1	1
334	335	1	1
334	333	1	1
384	334	1	1
384	434	1	1
384	385	1	1
384	383	1	1
434	384	1	1
434	484	1	1
434	435	1	1
434	433	1	1
484	434	1	1
484	534	1	1
484	485	1	1
484	483	1	1
534	484	1	1
534	584	1	1
534	535	1	1
534	533	1	1
584	534	1	1
584	634	1	1
584	585	1	1
584	583	1	1
634	584	1	1
634	684	1	1
634	635	1	1
634	633	1	1
684	634	1	1
684	734	1	1
684	685	1	1
684	683	1	1
734	684	1	1
734	784	1	1
734	735	1	1
734	733	1	1
784	734	1	1
784	834	1	1
784	785	1	1
784	783	1	1
834	784	1	1
834	884	1	1
834	835	1	1
834	833	1	1
884	834	1	1
884	934	1	1
884	885	1	1
884	883	1	1
934	884	1	1
934	984	1	1
934	935	1	1
934	933	1	1
984	934	1	1
984	1034	1	1
984	985	1	1
984	983	1	1
1034	984	1	1
1034	1084	1	1
1034	1035	1	1
1034	1033	1	1
1084	1034	1	1
1084	1134	1	1
1084	1085	1	1
1084	1083	1	1
1134	1084	1	1
1134	1184	1	1
1134	1135	1	1
1134	1133	1	1
1184	1134	1	1
1184	1234	1	1
1184	1185	1	1
1184	1183	1	1
1234	1184	1	1
1234	1284	1	1
1234	1235	1	1
1234	1233	1	1
1284	1234	1	1
1284	1334	1	1
1284	1285	1	1
1284	1283	1	1
1334	1284	1	1
1334	1384	1	1
1334	1335	1	1
1334	1333	1	1
1384	1334	1	1
1384	1434	1	1
1384	1385	1	1
1384	1383	1	1
1434	1384	1	1
1434	1484	1	1
1434	1435	1	1
1434	1433	1	1
1484	1434	1	1
1484	1485	1	1
1484	1483	1	1
35	85	1	1
35	36	1	1
35	34	1	1
85	35	1	1
85	135	1	1
85	86	1	1
85	84	1	1
135	85	1	1
135	185	1	1
135	136	1	1
135	134	1	1
185	135	1	1
185	235	1	1
185	186	1	1
185	184	1	1
235	185	1	1
235	285	1	1
235	236	1	1
235	234	1	1
285	235	1	1
285	335	1	1
285	286	1	1
285	284	1	1
335	285	1	1
335	385	1	1
335	336	1	1
335	334	1	1
385	335	1	1
385	435	1	1
385	386	1	1
385	384	1	1
435	385	1	1
435	485	1	1
435	436	1	1
435	434	1	1
485	435	1	1
485	535	1	1
485	486	1	1
485	484	1	1
535	485	1	1
535	585	1	1
535	536	1	1
535	534	1	1
585	535	1	1
585	635	1	1
585	586	1	1
585	584	1	1
635	585	1	1
635	685	1	1
635	636	1	1
635	634	1	1
685	635	1	1
685	735	1	1
685	686	1	1
685	684	1	1
735	685	1	1
735	785	1	1
735	736	1	1
735	734	1	1
785	735	1	1
785	835	1	1
785	786	1	1
785	784	1	1
835	785	1	1
835	885	1	1
835	836	1	1
835	834	1	1
885	835	1	1
885	935	1	1
885	886	1	1
885	884	1	1
935	885	1	1
935	985	1	1
935	936	1	1
935	934	1	1
985	935	1	1
985	1035	1	1
985	986	1	1
985	984	1	1
1035	985	1	1
1035	1085	1	1
1035	1036	1	1
1035	1034	1	1
1085	1035	1	1
1085	1135	1	1
1085	1086	1	1
1085	1084	1	1
1135	1085	1	1
1135	1185	1	1
1135	1136	1	1
1135	1134	1	1
1185	1135	1	1
1185	1235	1	1
1185	1186	1	1
1185	1184	1	1
1235	1185	1	1
1235	1285	1	1
1235	1236	1	1
1235	1234	1	1
1285	1235	1	1
1285	1335	1	1
1285	1286	1	1
1285	1284	1	1
1335	1285	1	1
1335	1385	1	1
1335	1336	1	1
1335	1334	1	1
1385	1335	1	1
1385	1435	1	1
1385	1386	1	1
1385	1384	1	1
1435	1385	1	1
1435	1485	1	1
1435	1436	1	1
1435	1434	1	1
1485	1435	1	1
1485	1486	1	1
1485	1484	1	1
36	86	1	1
36	37	1	1
36	35	1	1
86	36	1	1
86	136	1	1
86	87	1	1
86	85	1	1
136	86	1	1
136	186	1	1
136	137	1	1
136	135	1	1
186	136	1	1
186	236	1	1
186	187	1	1
186	185	1	1
236	186	1	1
236	286	1	1
236	237	1	1
236	235	1	1
286	236	1	1
286	336	1	1
286	287	1	1
286	285	1	1
336	286	1	1
336	386	1	1
336	337	1	1
336	335	1	1
386	336	1	1
386	436	1	1
386	387	1	1
386	385	1	1
436	386	1	1
436	486	1	1
436	437	1	1
436	435	1	1
486	436	1	1
486	536	1	1
486	487	1	1
486	485	1	1
536	486	1	1
536	586	1	1
536	537	1	1
536	535	1	1
586	536	1	1
586	636	1	1
586	587	1	1
586	585	1	1
636	586	1	1
636	686	1	1
636	637	1	1
636	635	1	1
686	636	1	1
686	736	1	1
686	687	1	1
686	685	1	1
736	686	1	1
736	786	1	1
736	737	1	1
736	735	1	1
786	736	1	1
786	836	1	1
786	787	1	1
786	785	1	1
836	786	1	1
836	886	1	1
836	837	1	1
836	835	1	1
886	836	1	1
886	936	1	1
886	887	1	1
886	885	1	1
936	886	1	1
936	986	1	1
936	937	1	1
936	935	1	1
986	936	1	1
986	1036	1	1
986	987	1	1
986	985	1	1
1036	986	1	1
1036	1086	1	1
1036	1037	1	1
1036	1035	1	1
1086	1036	1	1
1086	1136	1	1
1086	1087	1	1
1086	1085	1	1
1136	1086	1	1
1136	1186	1	1
1136	1137	1	1
1136	1135	1	1
1186	1136	1	1
1186	1236	1	1
1186	1187	1	1
1186	1185	1	1
1236	1186	1	1
1236	1286	1	1
1236	1237	1	1
1236	1235	1	1
1286	1236	1	1
1286	1336	1	1
1286	1287	1	1
1286	1285	1	1
1336	1286	1	1
1336	1386	1	1
1336	1337	1	1
1336	1335	1	1
1386	1336	1	1
1386	1436	1	1
1386	1387	1	1
1386	1385	1	1
1436	1386	1	1
1436	1486	1	1
1436	1437	1	1
1436	1435	1	1
1486	1436	1	1
1486	1487	1	1
1486	1485	1	1
37	87	1	1
37	38	1	1
37	36	1	1
87	37	1	1
87	137	1	1
87	88	1	1
87	86	1	1
137	87	1	1
137	187	1	1
137	138	1	1
137	136	1	1
187	137	1	1
187	237	1	1
187	188	1	1
187	186	1	1
237	187	1	1
237	287	1	1
237	238	1	1
237	236	1	1
287	237	1	1
287	337	1	1
287	288	1	1
287	286	1	1
337	287	1	1
337	387	1	1
337	338	1	1
337	336	1	1
387	337	1	1
387	437	1	1
387	388	1	1
387	386	1	1
437	387	1	1
437	487	1	1
437	438	1	1
437	436	1	1
487	437	1	1
487	537	1	1
487	488	1	1
487	486	1	1
537	487	1	1
537	587	1	1
537	538	1	1
537	536	1	1
587	537	1	1
587	637	1	1
587	588	1	1
587	586	1	1
637	587	1	1
637	687	1	1
637	638	1	1
637	636	1	1
687	637	1	1
687	737	1	1
687	688	1	1
687	686	1	1
737	687	1	1
737	787	1	1
737	738	1	1
737	736	1	1
787	737	1	1
787	837	1	1
787	788	1	1
787	786	1	1
837	787	1	1
837	887	1	1
837	838	1	1
837	836	1	1
887	837	1	1
887	937	1	1
887	888	1	1
887	886	1	1
937	887	1	1
937	987	1	1
937	938	1	1
937	936	1	1
987	937	1	1
987	1037	1	1
987	988	1	1
987	986	1	1
1037	987	1	1
1037	1087	1	1
1037	1038	1	1
1037	1036	1	1
1087	1037	1	1
1087	1137	1	1
1087	1088	1	1
1087	1086	1	1
1137	1087	1	1
1137	1187	1	1
1137	1138	1	1
1137	1136	1	1
1187	1137	1	1
1187	1237	1	1
1187	1188	1	1
1187	1186	1	1
1237	1187	1	1
1237	1287	1	1
1237	1238	1	1
1237	1236	1	1
1287	1237	1	1
1287	1337	1	1
1287	1288	1	1
1287	1286	1	1
1337	1287	1	1
1337	1387	1	1
1337	1338	1	1
1337	1336	1	1
1387	1337	1	1
1387	1437	1	1
1387	1388	1	1
1387	1386	1	1
1437	1387	1	1
1437	1487	1	1
1437	1438	1	1
1437	1436	1	1
1487	1437	1	1
1487	1488	1	1
1487	1486	1	1
38	88	1	1
38	39	1	1
38	37	1	1
88	38	1	1
88	138	1	1
88	89	1	1
88	87	1	1
138	88	1	1
138	188	1	1
138	139	1	1
138	137	1	1
188	138	1	1
188	238	1	1
188	189	1	1
188	187	1	1
238	188	1	1
238	288	1	1
238	239	1	1
238	237	1	1
288	238	1	1
288	338	1	1
288	289	1	1
288	287	1	1
338	288	1	1
338	388	1	1
338	339	1	1
338	337	1	1
388	338	1	1
388	438	1	1
388	389	1	1
388	387	1	1
438	388	1	1
438	488	1	1
438	439	1	1
438	437	1	1
488	438	1	1
488	538	1	1
488	489	1	1
488	487	1	1
538	488	1	1
538	588	1	1
538	539	1	1
538	537	1	1
588	538	1	1
588	638	1	1
588	589	1	1
588	587	1	1
638	588	1	1
638	688	1	1
638	639	1	1
638	637	1	1
688	638	1	1
688	738	1	1
688	689	1	1
688	687	1	1
738	688	1	1
738	788	1	1
738	739	1	1
738	737	1	1
788	738	1	1
788	838	1	1
788	789	1	1
788	787	1	1
838	788	1	1
838	888	1	1
838	839	1	1
838	837	1	1
888	838	1	1
888	938	1	1
888	889	1	1
888	887	1	1
938	888	1	1
938	988	1	1
938	939	1	1
938	937	1	1
988	938	1	1
988	1038	1	1
988	989	1	1
988	987	1	1
1038	988	1	1
1038	1088	1	1
1038	1039	1	1
1038	1037	1	1
1088	1038	1	1
1088	1138	1	1
1088	1089	1	1
1088	1087	1	1
1138	1088	1	1
1138	1188	1	1
1138	1137	1	1
1188	1138	1	1
1188	1238	1	1
1188	1187	1	1
1238	1188	1	1
1238	1288	1	1
1238	1237	1	1
1288	1238	1	1
1288	1338	1	1
1288	1289	1	1
1288	1287	1	1
1338	1288	1	1
1338	1388	1	1
1338	1339	1	1
1338	1337	1	1
1388	1338	1	1
1388	1438	1	1
1388	1389	1	1
1388	1387	1	1
1438	1388	1	1
1438	1488	1	1
1438	1439	1	1
1438	1437	1	1
1488	1438	1	1
1488	1489	1	1
1488	1487	1	1
39	89	1	1
39	40	1	1
39	38	1	1
89	39	1	1
89	139	1	1
89	90	1	1
89	88	1	1
139	89	1	1
139	189	1	1
139	140	1	1
139	138	1	1
189	139	1	1
189	239	1	1
189	190	1	1
189	188	1	1
239	189	1	1
239	289	1	1
239	238	1	1
289	239	1	1
289	339	1	1
289	288	1	1
339	289	1	1
339	389	1	1
339	340	1	1
339	338	1	1
389	339	1	1
389	439	1	1
389	390	1	1
389	388	1	1
439	389	1	1
439	489	1	1
439	440	1	1
439	438	1	1
489	439	1	1
489	539	1	1
489	490	1	1
489	488	1	1
539	489	1	1
539	589	1	1
539	540	1	1
539	538	1	1
589	539	1	1
589	639	1	1
589	590	1	1
589	588	1	1
639	589	1	1
639	689	1	1
639	640	1	1
639	638	1	1
689	639	1	1
689	739	1	1
689	690	1	1
689	688	1	1
739	689	1	1
739	789	1	1
739	740	1	1
739	738	1	1
789	739	1	1
789	839	1	1
789	790	1	1
789	788	1	1
839	789	1	1
839	889	1	1
839	840	1	1
839	838	1	1
889	839	1	1
889	939	1	1
889	890	1	1
889	888	1	1
939	889	1	1
939	989	1	1
939	940	1	1
939	938	1	1
989	939	1	1
989	1039	1	1
989	990	1	1
989	988	1	1
1039	989	1	1
1039	1089	1	1
1039	1040	1	1
1039	1038	1	1
1089	1039	1	1
1089	1090	1	1
1089	1088	1	1
1289	1339	1	1
1289	1290	1	1
1289	1288	1	1
1339	1289	1	1
1339	1389	1	1
1339	1340	1	1
1339	1338	1	1
1389	1339	1	1
1389	1439	1	1
1389	1390	1	1
1389	1388	1	1
1439	1389	1	1
1439	1489	1	1
1439	1440	1	1
1439	1438	1	1
1489	1439	1	1
1489	1490	1	1
1489	1488	1	1
40	90	1	1
40	41	1	1
40	39	1	1
90	40	1	1
90	140	1	1
90	91	1	1
90	89	1	1
140	90	1	1
140	190	1	1
140	141	1	1
140	139	1	1
190	140	1	1
190	191	1	1
190	189	1	1
340	390	1	1
340	341	1	1
340	339	1	1
390	340	1	1
390	440	1	1
390	391	1	1
390	389	1	1
440	390	1	1
440	490	1	1
440	441	1	1
440	439	1	1
490	440	1	1
490	540	1	1
490	491	1	1
490	489	1	1
540	490	1	1
540	590	1	1
540	541	1	1
540	539	1	1
590	540	1	1
590	640	1	1
590	589	1	1
640	590	1	1
640	690	1	1
640	639	1	1
690	640	1	1
690	740	1	1
690	689	1	1
740	690	1	1
740	790	1	1
740	741	1	1
740	739	1	1
790	740	1	1
790	840	1	1
790	791	1	1
790	789	1	1
840	790	1	1
840	890	1	1
840	841	1	1
840	839	1	1
890	840	1	1
890	940	1	1
890	891	1	1
890	889	1	1
940	890	1	1
940	990	1	1
940	941	1	1
940	939	1	1
990	940	1	1
990	1040	1	1
990	991	1	1
990	989	1	1
1040	990	1	1
1040	1090	1	1
1040	1041	1	1
1040	1039	1	1
1090	1040	1	1
1090	1091	1	1
1090	1089	1	1
1290	1340	1	1
1290	1291	1	1
1290	1289	1	1
1340	1290	1	1
1340	1390	1	1
1340	1341	1	1
1340	1339	1	1
1390	1340	1	1
1390	1440	1	1
1390	1391	1	1
1390	1389	1	1
1440	1390	1	1
1440	1490	1	1
1440	1441	1	1
1440	1439	1	1
1490	1440	1	1
1490	1491	1	1
1490	1489	1	1
41	91	1	1
41	42	1	1
41	40	1	1
91	41	1	1
91	141	1	1
91	92	1	1
91	90	1	1
141	91	1	1
141	191	1	1
141	142	1	1
141	140	1	1
191	141	1	1
191	192	1	1
191	190	1	1
341	391	1	1
341	342	1	1
341	340	1	1
391	341	1	1
391	441	1	1
391	392	1	1
391	390	1	1
441	391	1	1
441	491	1	1
441	442	1	1
441	440	1	1
491	441	1	1
491	541	1	1
491	492	1	1
491	490	1	1
541	491	1	1
541	542	1	1
541	540	1	1
741	791	1	1
741	742	1	1
741	740	1	1
791	741	1	1
791	841	1	1
791	792	1	1
791	790	1	1
841	791	1	1
841	891	1	1
841	842	1	1
841	840	1	1
891	841	1	1
891	941	1	1
891	892	1	1
891	890	1	1
941	891	1	1
941	991	1	1
941	942	1	1
941	940	1	1
991	941	1	1
991	1041	1	1
991	992	1	1
991	990	1	1
1041	991	1	1
1041	1091	1	1
1041	1042	1	1
1041	1040	1	1
1091	1041	1	1
1091	1141	1	1
1091	1092	1	1
1091	1090	1	1
1141	1091	1	1
1141	1191	1	1
1141	1142	1	1
1191	1141	1	1
1191	1241	1	1
1191	1192	1	1
1241	1191	1	1
1241	1291	1	1
1241	1242	1	1
1291	1241	1	1
1291	1341	1	1
1291	1292	1	1
1291	1290	1	1
1341	1291	1	1
1341	1391	1	1
1341	1342	1	1
1341	1340	1	1
1391	1341	1	1
1391	1441	1	1
1391	1392	1	1
1391	1390	1	1
1441	1391	1	1
1441	1491	1	1
1441	1442	1	1
1441	1440	1	1
1491	1441	1	1
1491	1492	1	1
1491	1490	1	1
42	92	1	1
42	43	1	1
42	41	1	1
92	42	1	1
92	142	1	1
92	93	1	1
92	91	1	1
142	92	1	1
142	192	1	1
142	143	1	1
142	141	1	1
192	142	1	1
192	242	1	1
192	193	1	1
192	191	1	1
242	192	1	1
242	292	1	1
242	243	1	1
292	242	1	1
292	342	1	1
292	293	1	1
342	292	1	1
342	392	1	1
342	343	1	1
342	341	1	1
392	342	1	1
392	442	1	1
392	393	1	1
392	391	1	1
442	392	1	1
442	492	1	1
442	443	1	1
442	441	1	1
492	442	1	1
492	542	1	1
492	493	1	1
492	491	1	1
542	492	1	1
542	543	1	1
542	541	1	1
742	792	1	1
742	743	1	1
742	741	1	1
792	742	1	1
792	842	1	1
792	793	1	1
792	791	1	1
842	792	1	1
842	892	1	1
842	843	1	1
842	841	1	1
892	842	1	1
892	942	1	1
892	893	1	1
892	891	1	1
942	892	1	1
942	992	1	1
942	943	1	1
942	941	1	1
992	942	1	1
992	1042	1	1
992	993	1	1
992	991	1	1
1042	992	1	1
1042	1092	1	1
1042	1043	1	1
1042	1041	1	1
1092	1042	1	1
1092	1142	1	1
1092	1093	1	1
1092	1091	1	1
1142	1092	1	1
1142	1192	1	1
1142	1143	1	1
1142	1141	1	1
1192	1142	1	1
1192	1242	1	1
1192	1193	1	1
1192	1191	1	1
1242	1192	1	1
1242	1292	1	1
1242	1243	1	1
1242	1241	1	1
1292	1242	1	1
1292	1342	1	1
1292	1293	1	1
1292	1291	1	1
1342	1292	1	1
1342	1392	1	1
1342	1343	1	1
1342	1341	1	1
1392	1342	1	1
1392	1442	1	1
1392	1393	1	1
1392	1391	1	1
1442	1392	1	1
1442	1492	1	1
1442	1443	1	1
1442	1441	1	1
1492	1442	1	1
1492	1493	1	1
1492	1491	1	1
43	93	1	1
43	44	1	1
43	42	1	1
93	43	1	1
93	143	1	1
93	94	1	1
93	92	1	1
143	93	1	1
143	193	1	1
143	144	1	1
143	142	1	1
193	143	1	1
193	243	1	1
193	194	1	1
193	192	1	1
243	193	1	1
243	293	1	1
243	244	1	1
243	242	1	1
293	243	1	1
293	343	1	1
293	294	1	1
293	292	1	1
343	293	1	1
343	393	1	1
343	344	1	1
343	342	1	1
393	343	1	1
393	443	1	1
393	394	1	1
393	392	1	1
443	393	1	1
443	493	1	1
443	444	1	1
443	442	1	1
493	443	1	1
493	543	1	1
493	494	1	1
493	492	1	1
543	493	1	1
543	544	1	1
543	542	1	1
743	793	1	1
743	744	1	1
743	742	1	1
793	743	1	1
793	843	1	1
793	794	1	1
793	792	1	1
843	793	1	1
843	893	1	1
843	844	1	1
843	842	1	1
893	843	1	1
893	943	1	1
893	894	1	1
893	892	1	1
943	893	1	1
943	993	1	1
943	944	1	1
943	942	1	1
993	943	1	1
993	1043	1	1
993	994	1	1
993	992	1	1
1043	993	1	1
1043	1093	1	1
1043	1044	1	1
1043	1042	1	1
1093	1043	1	1
1093	1143	1	1
1093	1094	1	1
1093	1092	1	1
1143	1093	1	1
1143	1193	1	1
1143	1144	1	1
1143	1142	1	1
1193	1143	1	1
1193	1243	1	1
1193	1194	1	1
1193	1192	1	1
1243	1193	1	1
1243	1293	1	1
1243	1244	1	1
1243	1242	1	1
1293	1243	1	1
1293	1343	1	1
1293	1294	1	1
1293	1292	1	1
1343	1293	1	1
1343	1393	1	1
1343	1344	1	1
1343	1342	1	1
1393	1343	1	1
1393	1443	1	1
1393	1394	1	1
1393	1392	1	1
1443	1393	1	1
1443	1493	1	1
1443	1444	1	1
1443	1442	1	1
1493	1443	1	1
1493	1494	1	1
1493	1492	1	1
44	94	1	1
44	45	1	1
44	43	1	1
94	44	1	1
94	144	1	1
94	95	1	1
94	93	1	1
144	94	1	1
144	194	1	1
144	145	1	1
144	143	1	1
194	144	1	1
194	244	1	1
194	195	1	1
194	193	1	1
244	194	1	1
244	294	1	1
244	245	1	1
244	243	1	1
294	244	1	1
294	344	1	1
294	295	1	1
294	293	1	1
344	294	1	1
344	394	1	1
344	345	1	1
344	343	1	1
394	344	1	1
394	444	1	1
394	395	1	1
394	393	1	1
444	394	1	1
444	494	1	1
444	445	1	1
444	443	1	1
494	444	1	1
494	544	1	1
494	495	1	1
494	493	1	1
544	494	1	1
544	545	1	1
544	543	1	1
744	794	1	1
744	745	1	1
744	743	1	1
794	744	1	1
794	844	1	1
794	795	1	1
794	793	1	1
844	794	1	1
844	894	1	1
844	845	1	1
844	843	1	1
894	844	1	1
894	944	1	1
894	895	1	1
894	893	1	1
944	894	1	1
944	994	1	1
944	945	1	1
944	943	1	1
994	944	1	1
994	1044	1	1
994	995	1	1
994	993	1	1
1044	994	1	1
1044	1094	1	1
1044	1045	1	1
1044	1043	1	1
1094	1044	1	1
1094	1144	1	1
1094	1095	1	1
1094	1093	1	1
1144	1094	1	1
1144	1194	1	1
1144	1145	1	1
1144	1143	1	1
1194	1144	1	1
1194	1244	1	1
1194	1195	1	1
1194	1193	1	1
1244	1194	1	1
1244	1294	1	1
1244	1245	1	1
1244	1243	1	1
1294	1244	1	1
1294	1344	1	1
1294	1295	1	1
1294	1293	1	1
1344	1294	1	1
1344	1394	1	1
1344	1345	1	1
1344	1343	1	1
1394	1344	1	1
1394	1444	1	1
1394	1395	1	1
1394	1393	1	1
1444	1394	1	1
1444	1494	1	1
1444	1445	1	1
1444	1443	1	1
1494	1444	1	1
1494	1495	1	1
1494	1493	1	1
45	95	1	1
45	46	1	1
45	44	1	1
95	45	1	1
95	145	1	1
95	96	1	1
95	94	1	1
145	95	1	1
145	195	1	1
145	146	1	1
145	144	1	1
195	145	1	1
195	245	1	1
195	196	1	1
195	194	1	1
245	195	1	1
245	295	1	1
245	246	1	1
245	244	1	1
295	245	1	1
295	345	1	1
295	296	1	1
295	294	1	1
345	295	1	1
345	395	1	1
345	346	1	1
345	344	1	1
395	345	1	1
395	445	1	1
395	396	1	1
395	394	1	1
445	395	1	1
445	495	1	1
445	446	1	1
445	444	1	1
495	445	1	1
495	545	1	1
495	496	1	1
495	494	1	1
545	495	1	1
545	546	1	1
545	544	1	1
745	795	1	1
745	746	1	1
745	744	1	1
795	745	1	1
795	845	1	1
795	796	1	1
795	794	1	1
845	795	1	1
845	895	1	1
845	846	1	1
845	844	1	1
895	845	1	1
895	945	1	1
895	896	1	1
895	894	1	1
945	895	1	1
945	995	1	1
945	946	1	1
945	944	1	1
995	945	1	1
995	1045	1	1
995	996	1	1
995	994	1	1
1045	995	1	1
1045	1095	1	1
1045	1046	1	1
1045	1044	1	1
1095	1045	1	1
1095	1145	1	1
1095	1096	1	1
1095	1094	1	1
1145	1095	1	1
1145	1195	1	1
1145	1146	1	1
1145	1144	1	1
1195	1145	1	1
1195	1245	1	1
1195	1196	1	1
1195	1194	1	1
1245	1195	1	1
1245	1295	1	1
1245	1246	1	1
1245	1244	1	1
1295	1245	1	1
1295	1345	1	1
1295	1296	1	1
1295	1294	1	1
1345	1295	1	1
1345	1395	1	1
1345	1346	1	1
1345	1344	1	1
1395	1345	1	1
1395	1445	1	1
1395	1396	1	1
1395	1394	1	1
1445	1395	1	1
1445	1495	1	1
1445	1446	1	1
1445	1444	1	1
1495	1445	1	1
1495	1496	1	1
1495	1494	1	1
46	96	1	1
46	47	1	1
46	45	1	1
96	46	1	1
96	146	1	1
96	97	1	1
96	95	1	1
146	96	1	1
146	196	1	1
146	147	1	1
146	145	1	1
196	146	1	1
196	246	1	1
196	197	1	1
196	195	1	1
246	196	1	1
246	296	1	1
246	247	1	1
246	245	1	1
296	246	1	1
296	346	1	1
296	297	1	1
296	295	1	1
346	296	1	1
346	396	1	1
346	347	1	1
346	345	1	1
396	346	1	1
396	446	1	1
396	397	1	1
396	395	1	1
446	396	1	1
446	496	1	1
446	447	1	1
446	445	1	1
496	446	1	1
496	546	1	1
496	497	1	1
496	495	1	1
546	496	1	1
546	547	1	1
546	545	1	1
746	796	1	1
746	747	1	1
746	745	1	1
796	746	1	1
796	846	1	1
796	797	1	1
796	795	1	1
846	796	1	1
846	896	1	1
846	847	1	1
846	845	1	1
896	846	1	1
896	946	1	1
896	897	1	1
896	895	1	1
946	896	1	1
946	996	1	1
946	947	1	1
946	945	1	1
996	946	1	1
996	1046	1	1
996	997	1	1
996	995	1	1
1046	996	1	1
1046	1096	1	1
1046	1047	1	1
1046	1045	1	1
1096	1046	1	1
1096	1146	1	1
1096	1097	1	1
1096	1095	1	1
1146	1096	1	1
1146	1196	1	1
1146	1147	1	1
1146	1145	1	1
1196	1146	1	1
1196	1246	1	1
1196	1197	1	1
1196	1195	1	1
1246	1196	1	1
1246	1296	1	1
1246	1247	1	1
1246	1245	1	1
1296	1246	1	1
1296	1346	1	1
1296	1297	1	1
1296	1295	1	1
1346	1296	1	1
1346	1396	1	1
1346	1347	1	1
1346	1345	1	1
1396	1346	1	1
1396	1446	1	1
1396	1397	1	1
1396	1395	1	1
1446	1396	1	1
1446	1496	1	1
1446	1447	1	1
1446	1445	1	1
1496	1446	1	1
1496	1497	1	1
1496	1495	1	1
47	97	1	1
47	48	1	1
47	46	1	1
97	47	1	1
97	147	1	1
97	98	1	1
97	96	1	1
147	97	1	1
147	197	1	1
147	148	1	1
147	146	1	1
197	147	1	1
197	247	1	1
197	198	1	1
197	196	1	1
247	197	1	1
247	297	1	1
247	248	1	1
247	246	1	1
297	247	1	1
297	347	1	1
297	298	1	1
297	296	1	1
347	297	1	1
347	397	1	1
347	348	1	1
347	346	1	1
397	347	1	1
397	447	1	1
397	398	1	1
397	396	1	1
447	397	1	1
447	497	1	1
447	448	1	1
447	446	1	1
497	447	1	1
497	547	1	1
497	498	1	1
497	496	1	1
547	497	1	1
547	548	1	1
547	546	1	1
747	797	1	1
747	748	1	1
747	746	1	1
797	747	1	1
797	847	1	1
797	798	1	1
797	796	1	1
847	797	1	1
847	897	1	1
847	848	1	1
847	846	1	1
897	847	1	1
897	947	1	1
897	898	1	1
897	896	1	1
947	897	1	1
947	997	1	1
947	948	1	1
947	946	1	1
997	947	1	1
997	1047	1	1
997	998	1	1
997	996	1	1
1047	997	1	1
1047	1097	1	1
1047	1048	1	1
1047	1046	1	1
1097	1047	1	1
1097	1147	1	1
1097	1098	1	1
1097	1096	1	1
1147	1097	1	1
1147	1197	1	1
1147	1148	1	1
1147	1146	1	1
1197	1147	1	1
1197	1247	1	1
1197	1198	1	1
1197	1196	1	1
1247	1197	1	1
1247	1297	1	1
1247	1248	1	1
1247	1246	1	1
1297	1247	1	1
1297	1347	1	1
1297	1298	1	1
1297	1296	1	1
1347	1297	1	1
1347	1397	1	1
1347	1348	1	1
1347	1346	1	1
1397	1347	1	1
1397	1447	1	1
1397	1398	1	1
1397	1396	1	1
1447	1397	1	1
1447	1497	1	1
1447	1448	1	1
1447	1446	1	1
1497	1447	1	1
1497	1498	1	1
1497	1496	1	1
48	98	1	1
48	49	1	1
48	47	1	1
98	48	1	1
98	148	1	1
98	99	1	1
98	97	1	1
148	98	1	1
148	198	1	1
148	149	1	1
148	147	1	1
198	148	1	1
198	248	1	1
198	199	1	1
198	197	1	1
248	198	1	1
248	298	1	1
248	249	1	1
248	247	1	1
298	248	1	1
298	348	1	1
298	299	1	1
298	297	1	1
348	298	1	1
348	398	1	1
348	349	1	1
348	347	1	1
398	348	1	1
398	448	1	1
398	399	1	1
398	397	1	1
448	398	1	1
448	498	1	1
448	449	1	1
448	447	1	1
498	448	1	1
498	548	1	1
498	499	1	1
498	497	1	1
548	498	1	1
548	549	1	1
548	547	1	1
748	798	1	1
748	749	1	1
748	747	1	1
798	748	1	1
798	848	1	1
798	799	1	1
798	797	1	1
848	798	1	1
848	898	1	1
848	849	1	1
848	847	1	1
898	848	1	1
898	948	1	1
898	899	1	1
898	897	1	1
948	898	1	1
948	998	1	1
948	949	1	1
948	947	1	1
998	948	1	1
998	1048	1	1
998	999	1	1
998	997	1	1
1048	998	1	1
1048	1098	1	1
1048	1049	1	1
1048	1047	1	1
1098	1048	1	1
1098	1148	1	1
1098	1099	1	1
1098	1097	1	1
1148	1098	1	1
1148	1198	1	1
1148	1149	1	1
1148	1147	1	1
1198	1148	1	1
1198	1248	1	1
1198	1199	1	1
1198	1197	1	1
1248	1198	1	1
1248	1298	1	1
1248	1249	1	1
1248	1247	1	1
1298	1248	1	1
1298	1348	1	1
1298	1299	1	1
1298	1297	1	1
1348	1298	1	1
1348	1398	1	1
1348	1349	1	1
1348	1347	1	1
1398	1348	1	1
1398	1448	1	1
1398	1399	1	1
1398	1397	1	1
1448	1398	1	1
1448	1498	1	1
1448	1449	1	1
1448	1447	1	1
1498	1448	1	1
1498	1499	1	1
1498	1497	1	1
49	99	1	1
49	48	1	1
99	49	1	1
99	149	1	1
99	98	1	1
149	99	1	1
149	199	1	1
149	148	1	1
199	149	1	1
199	249	1	1
199	198	1	1
249	199	1	1
249	299	1	1
249	248	1	1
299	249	1	1
299	349	1	1
299	298	1	1
349	299	1	1
349	399	1	1
349	348	1	1
399	349	1	1
399	449	1	1
399	398	1	1
449	399	1	1
449	499	1	1
449	448	1	1
499	449	1	1
499	549	1	1
499	498	1	1
549	499	1	1
549	548	1	1
749	799	1	1
749	748	1	1
799	749	1	1
799	849	1	1
799	798	1	1
849	799	1	1
849	899	1	1
849	848	1	1
899	849	1	1
899	949	1	1
899	898	1	1
949	899	1	1
949	999	1	1
949	948	1	1
999	949	1	1
999	1049	1	1
999	998	1	1
1049	999	1	1
1049	1099	1	1
1049	1048	1	1
1099	1049	1	1
1099	1149	1	1
1099	1098	1	1
1149	1099	1	1
1149	1199	1	1
1149	1148	1	1
1199	1149	1	1
1199	1249	1	1
1199	1198	1	1
1249	1199	1	1
1249	1299	1	1
1249	1248	1	1
1299	1249	1	1
1299	1349	1	1
1299	1298	1	1
1349	1299	1	1
1349	1399	1	1
1349	1348	1	1
1399	1349	1	1
1399	1449	1	1
1399	1398	1	1
1449	1399	1	1
1449	1499	1	1
1449	1448	1	1
1499	1449	1	1
1499	1498	1	1
